text,code,rodata,data,bss,dec,hex,filename,filename
822,162,660,0,0,822,`336,startup_bk7236.c.obj (ex armino/cmsis/libcmsis.a),armino/cmsis/libcmsis.a
272,272,0,0,0,272,`110,system_bk7236xx.c.obj (ex armino/cmsis/libcmsis.a),armino/cmsis/libcmsis.a
1094,434,660,0,0,1094,`446,armino/cmsis/libcmsis.a,armino/cmsis/libcmsis.a
1628,868,760,0,72,1700,`6a4,trap_base.c.obj (ex armino/cm33/libcm33.a),armino/cm33/libcm33.a
511,448,63,0,16,527,`20f,mpu.c.obj (ex armino/cm33/libcm33.a),armino/cm33/libcm33.a
603,360,243,0,0,603,`25b,stack_base.c.obj (ex armino/cm33/libcm33.a),armino/cm33/libcm33.a
2,2,0,0,0,2,`2,arm.c.obj (ex armino/cm33/libcm33.a),armino/cm33/libcm33.a
124,124,0,0,256,380,`17c,arch_interrupt.c.obj (ex armino/cm33/libcm33.a),armino/cm33/libcm33.a
2868,1802,1066,0,344,3212,`c8c,armino/cm33/libcm33.a,armino/cm33/libcm33.a
138,112,26,4,13,155,`9b,wdt_driver.c.obj (ex armino/driver/libdriver.a),armino/driver/libdriver.a
78,38,40,0,0,78,`4e,sys_driver_common.c.obj (ex armino/driver/libdriver.a),armino/driver/libdriver.a
782,742,40,0,0,782,`30e,lcd_spi.c.obj (ex armino/driver/libdriver.a),armino/driver/libdriver.a
300,272,28,0,0,300,`12c,gpio_driver.c.obj (ex armino/driver/libdriver.a),armino/driver/libdriver.a
1004,832,172,0,81,1085,`43d,yuv_buf_driver.c.obj (ex armino/driver/libdriver.a),armino/driver/libdriver.a
774,744,30,6,65,845,`34d,jpeg_driver.c.obj (ex armino/driver/libdriver.a),armino/driver/libdriver.a
2750,2488,262,0,285,3035,`bdb,dma_driver.c.obj (ex armino/driver/libdriver.a),armino/driver/libdriver.a
1151,912,239,0,0,1151,`47f,video_common_driver.c.obj (ex armino/driver/libdriver.a),armino/driver/libdriver.a
1746,1272,474,0,72,1818,`71a,aon_rtc_driver.c.obj (ex armino/driver/libdriver.a),armino/driver/libdriver.a
201,132,69,0,62,263,`107,lcd_driver.c.obj (ex armino/driver/libdriver.a),armino/driver/libdriver.a
8405,6824,1581,1,63,8469,`2115,dvp_camera.c.obj (ex armino/driver/libdriver.a),armino/driver/libdriver.a
908,840,68,0,104,1012,`3f4,mb_ipc_cmd.c.obj (ex armino/driver/libdriver.a),armino/driver/libdriver.a
876,670,206,0,7,883,`373,pwr_clk.c.obj (ex armino/driver/libdriver.a),armino/driver/libdriver.a
1091,898,193,0,0,1091,`443,aud_adc_driver.c.obj (ex armino/driver/libdriver.a),armino/driver/libdriver.a
1507,1164,343,0,45,1552,`610,h264_driver.c.obj (ex armino/driver/libdriver.a),armino/driver/libdriver.a
394,364,30,0,24,418,`1a2,amp_res_lock.c.obj (ex armino/driver/libdriver.a),armino/driver/libdriver.a
348,92,256,0,0,348,`15c,interrupt_base.c.obj (ex armino/driver/libdriver.a),armino/driver/libdriver.a
2061,1228,833,0,22,2083,`823,flash_driver.c.obj (ex armino/driver/libdriver.a),armino/driver/libdriver.a
1224,990,234,0,0,1224,`4c8,aud_dac_driver.c.obj (ex armino/driver/libdriver.a),armino/driver/libdriver.a
1335,1320,15,0,721,2056,`808,mailbox_channel.c.obj (ex armino/driver/libdriver.a),armino/driver/libdriver.a
1962,1844,118,0,0,1962,`7aa,printf.c.obj (ex armino/driver/libdriver.a),armino/driver/libdriver.a
307,304,3,48,49,404,`194,uart_driver.c.obj (ex armino/driver/libdriver.a),armino/driver/libdriver.a
114,96,18,0,0,114,`72,driver.c.obj (ex armino/driver/libdriver.a),armino/driver/libdriver.a
981,756,225,96,50,1127,`467,spi_driver.c.obj (ex armino/driver/libdriver.a),armino/driver/libdriver.a
46,46,0,0,0,46,`2e,reset_reason.c.obj (ex armino/driver/libdriver.a),armino/driver/libdriver.a
30,30,0,0,0,30,`1e,aon_pmu_driver.c.obj (ex armino/driver/libdriver.a),armino/driver/libdriver.a
172,172,0,0,0,172,`ac,mb_chnl_buff.c.obj (ex armino/driver/libdriver.a),armino/driver/libdriver.a
112,112,0,0,0,112,`70,sys_int_driver.c.obj (ex armino/driver/libdriver.a),armino/driver/libdriver.a
208,208,0,0,0,208,`d0,sys_clock_driver.c.obj (ex armino/driver/libdriver.a),armino/driver/libdriver.a
4,4,0,0,0,4,`4,interrupt.c.obj (ex armino/driver/libdriver.a),armino/driver/libdriver.a
78,78,0,0,0,78,`4e,sys_driver.c.obj (ex armino/driver/libdriver.a),armino/driver/libdriver.a
248,248,0,0,111,359,`167,mbox0_adapter.c.obj (ex armino/driver/libdriver.a),armino/driver/libdriver.a
232,232,0,0,25,257,`101,mbox0_drv.c.obj (ex armino/driver/libdriver.a),armino/driver/libdriver.a
376,376,0,8,225,609,`261,gpio_driver_base.c.obj (ex armino/driver/libdriver.a),armino/driver/libdriver.a
568,568,0,0,0,568,`238,sim_i2c_driver.c.obj (ex armino/driver/libdriver.a),armino/driver/libdriver.a
116,116,0,0,13,129,`81,trng_driver.c.obj (ex armino/driver/libdriver.a),armino/driver/libdriver.a
80,80,0,0,1,81,`51,psram_driver.c.obj (ex armino/driver/libdriver.a),armino/driver/libdriver.a
440,440,0,0,17,457,`1c9,aud_common_driver.c.obj (ex armino/driver/libdriver.a),armino/driver/libdriver.a
372,372,0,0,0,372,`174,uac_driver.c.obj (ex armino/driver/libdriver.a),armino/driver/libdriver.a
562,562,0,0,0,562,`232,audio_ring_buff.c.obj (ex armino/driver/libdriver.a),armino/driver/libdriver.a
536,536,0,0,0,536,`218,sys_audio_driver.c.obj (ex armino/driver/libdriver.a),armino/driver/libdriver.a
316,316,0,0,0,316,`13c,sys_video_driver.c.obj (ex armino/driver/libdriver.a),armino/driver/libdriver.a
2,2,0,0,0,2,`2,dd.c.obj (ex armino/driver/libdriver.a),armino/driver/libdriver.a
24,24,0,440,0,464,`1d0,drv_model.c.obj (ex armino/driver/libdriver.a),armino/driver/libdriver.a
360,360,0,0,33,393,`189,timer_driver.c.obj (ex armino/driver/libdriver.a),armino/driver/libdriver.a
32,32,0,0,64,96,`60,spi_statis.c.obj (ex armino/driver/libdriver.a),armino/driver/libdriver.a
60,60,0,24,1,85,`55,qspi_driver.c.obj (ex armino/driver/libdriver.a),armino/driver/libdriver.a
20,20,0,0,8,28,`1c,qspi_statis.c.obj (ex armino/driver/libdriver.a),armino/driver/libdriver.a
388,388,0,0,0,388,`184,flash_bypass.c.obj (ex armino/driver/libdriver.a),armino/driver/libdriver.a
35819,30316,5503,627,2161,38607,`96cf,armino/driver/libdriver.a,armino/driver/libdriver.a
779,704,75,1,74,854,`356,printf.c.obj (ex armino/bk_system/libbk_system.a),armino/bk_system/libbk_system.a
2,2,0,0,0,2,`2,reboot.c.obj (ex armino/bk_system/libbk_system.a),armino/bk_system/libbk_system.a
36,36,0,0,1,37,`25,printf_base.c.obj (ex armino/bk_system/libbk_system.a),armino/bk_system/libbk_system.a
34,34,0,0,0,34,`22,tick.c.obj (ex armino/bk_system/libbk_system.a),armino/bk_system/libbk_system.a
851,776,75,1,75,927,`39f,armino/bk_system/libbk_system.a,armino/bk_system/libbk_system.a
4049,3794,255,79,1882,6010,`177a,shell_task.c.obj (ex armino/bk_cli/libbk_cli.a),armino/bk_cli/libbk_cli.a
2220,1656,564,2,9,2231,`8b7,cli_main.c.obj (ex armino/bk_cli/libbk_cli.a),armino/bk_cli/libbk_cli.a
2582,1982,600,0,12,2594,`a22,cli_psram.c.obj (ex armino/bk_cli/libbk_cli.a),armino/bk_cli/libbk_cli.a
912,712,200,0,0,912,`390,cli_event.c.obj (ex armino/bk_cli/libbk_cli.a),armino/bk_cli/libbk_cli.a
984,516,468,0,0,984,`3d8,cli_mem.c.obj (ex armino/bk_cli/libbk_cli.a),armino/bk_cli/libbk_cli.a
405,110,295,0,0,405,`195,cli_os.c.obj (ex armino/bk_cli/libbk_cli.a),armino/bk_cli/libbk_cli.a
940,908,32,276,0,1216,`4c0,shell_mailbox_cp1.c.obj (ex armino/bk_cli/libbk_cli.a),armino/bk_cli/libbk_cli.a
12092,9678,2414,357,1903,14352,`3810,armino/bk_cli/libbk_cli.a,armino/bk_cli/libbk_cli.a
1024,640,384,0,0,1024,`400,app_main.c.obj (ex armino/main/libmain.a),armino/main/libmain.a
50605,39746,10859,707,1707,53019,`cf1b,webrtc_main.c.obj (ex armino/main/libmain.a),armino/main/libmain.a
1656,532,1124,2208,1428,5292,`14ac,cfg_system.c.obj (ex armino/main/libmain.a),armino/main/libmain.a
1052,540,512,1776,1440,4268,`10ac,cfg_network.c.obj (ex armino/main/libmain.a),armino/main/libmain.a
241,96,145,384,60,685,`2ad,cfg_myrecord.c.obj (ex armino/main/libmain.a),armino/main/libmain.a
173,96,77,288,20,481,`1e1,cfg_roi.c.obj (ex armino/main/libmain.a),armino/main/libmain.a
156,88,68,240,60,456,`1c8,cfg_other.c.obj (ex armino/main/libmain.a),armino/main/libmain.a
243,72,171,384,240,867,`363,cfg_timezone.c.obj (ex armino/main/libmain.a),armino/main/libmain.a
522,228,294,96,4,622,`26e,cfg_record_state.c.obj (ex armino/main/libmain.a),armino/main/libmain.a
961,692,269,4,112,1077,`435,ntp.c.obj (ex armino/main/libmain.a),armino/main/libmain.a
1056,916,140,0,32,1088,`440,bk_psram_mem_slab.c.obj (ex armino/main/libmain.a),armino/main/libmain.a
4645,3578,1067,4,148,4797,`12bd,bk_frame_buffer.c.obj (ex armino/main/libmain.a),armino/main/libmain.a
1383,928,455,0,24,1407,`57f,bk_aud_tras.c.obj (ex armino/main/libmain.a),armino/main/libmain.a
297,202,95,48,0,345,`159,bk_audio_osi_wrapper.c.obj (ex armino/main/libmain.a),armino/main/libmain.a
288,214,74,72,0,360,`168,bk_video_osi_wrapper.c.obj (ex armino/main/libmain.a),armino/main/libmain.a
4300,4220,80,12,8,4320,`10e0,cJSON.c.obj (ex armino/main/libmain.a),armino/main/libmain.a
3026,2616,410,0,4,3030,`bd6,cfg_common.c.obj (ex armino/main/libmain.a),armino/main/libmain.a
2655,1912,743,156,16,2827,`b0b,bk_aud_intf.c.obj (ex armino/main/libmain.a),armino/main/libmain.a
11121,7852,3269,444,40,11605,`2d55,bk_aud_tras_drv.c.obj (ex armino/main/libmain.a),armino/main/libmain.a
438,386,52,0,61,499,`1f3,time.c.obj (ex armino/main/libmain.a),armino/main/libmain.a
130,114,16,0,0,130,`82,bk_dvp.c.obj (ex armino/main/libmain.a),armino/main/libmain.a
817,674,143,4,70,891,`37b,time_intf.c.obj (ex armino/main/libmain.a),armino/main/libmain.a
68,68,0,0,4,72,`48,cfg_all.c.obj (ex armino/main/libmain.a),armino/main/libmain.a
212,212,0,0,33,245,`f5,webrtc_motion.c.obj (ex armino/main/libmain.a),armino/main/libmain.a
970,970,0,0,0,970,`3ca,webrtc_jpeg.c.obj (ex armino/main/libmain.a),armino/main/libmain.a
88039,67592,20447,6827,5511,100377,`18819,armino/main/libmain.a,armino/main/libmain.a
52,0,52,0,0,52,`34,lcd_h050iwv.c.obj (ex armino/bk_peripheral/libbk_peripheral.a),armino/bk_peripheral/libbk_peripheral.a
51,0,51,0,0,51,`33,lcd_hx8282.c.obj (ex armino/bk_peripheral/libbk_peripheral.a),armino/bk_peripheral/libbk_peripheral.a
52,0,52,0,0,52,`34,lcd_md0430r.c.obj (ex armino/bk_peripheral/libbk_peripheral.a),armino/bk_peripheral/libbk_peripheral.a
52,0,52,0,0,52,`34,lcd_md0700r.c.obj (ex armino/bk_peripheral/libbk_peripheral.a),armino/bk_peripheral/libbk_peripheral.a
51,0,51,0,0,51,`33,lcd_st7282.c.obj (ex armino/bk_peripheral/libbk_peripheral.a),armino/bk_peripheral/libbk_peripheral.a
1363,1284,79,0,0,1363,`553,lcd_st7701s_ly.c.obj (ex armino/bk_peripheral/libbk_peripheral.a),armino/bk_peripheral/libbk_peripheral.a
1621,1548,73,0,0,1621,`655,lcd_st7701s.c.obj (ex armino/bk_peripheral/libbk_peripheral.a),armino/bk_peripheral/libbk_peripheral.a
1551,1476,75,0,0,1551,`60f,lcd_st7701sn.c.obj (ex armino/bk_peripheral/libbk_peripheral.a),armino/bk_peripheral/libbk_peripheral.a
1532,1458,74,0,0,1532,`5fc,lcd_aml01.c.obj (ex armino/bk_peripheral/libbk_peripheral.a),armino/bk_peripheral/libbk_peripheral.a
4966,4898,68,0,0,4966,`1366,lcd_nt35510_mcu.c.obj (ex armino/bk_peripheral/libbk_peripheral.a),armino/bk_peripheral/libbk_peripheral.a
680,424,256,1,0,681,`2a9,lcd_st7796s.c.obj (ex armino/bk_peripheral/libbk_peripheral.a),armino/bk_peripheral/libbk_peripheral.a
2072,974,1098,0,1,2073,`819,dvp_gc0328c.c.obj (ex armino/bk_peripheral/libbk_peripheral.a),armino/bk_peripheral/libbk_peripheral.a
2702,844,1858,0,1,2703,`a8f,dvp_gc2145.c.obj (ex armino/bk_peripheral/libbk_peripheral.a),armino/bk_peripheral/libbk_peripheral.a
2885,478,2407,0,1,2886,`b46,dvp_hm1055.c.obj (ex armino/bk_peripheral/libbk_peripheral.a),armino/bk_peripheral/libbk_peripheral.a
1217,446,771,0,1,1218,`4c2,dvp_ov2640.c.obj (ex armino/bk_peripheral/libbk_peripheral.a),armino/bk_peripheral/libbk_peripheral.a
1054,232,822,0,1,1055,`41f,dvp_sc101.c.obj (ex armino/bk_peripheral/libbk_peripheral.a),armino/bk_peripheral/libbk_peripheral.a
1059,284,775,0,1,1060,`424,dvp_gc0307.c.obj (ex armino/bk_peripheral/libbk_peripheral.a),armino/bk_peripheral/libbk_peripheral.a
1059,376,683,0,1,1060,`424,dvp_gc0308.c.obj (ex armino/bk_peripheral/libbk_peripheral.a),armino/bk_peripheral/libbk_peripheral.a
1029,452,577,0,1,1030,`406,dvp_gc0309.c.obj (ex armino/bk_peripheral/libbk_peripheral.a),armino/bk_peripheral/libbk_peripheral.a
923,296,627,0,1,924,`39c,dvp_gc0311.c.obj (ex armino/bk_peripheral/libbk_peripheral.a),armino/bk_peripheral/libbk_peripheral.a
1017,288,729,0,1,1018,`3fa,dvp_gc0312.c.obj (ex armino/bk_peripheral/libbk_peripheral.a),armino/bk_peripheral/libbk_peripheral.a
1163,468,695,0,1,1164,`48c,dvp_gc0329.c.obj (ex armino/bk_peripheral/libbk_peripheral.a),armino/bk_peripheral/libbk_peripheral.a
1737,376,1361,0,1,1738,`6ca,dvp_gc2035.c.obj (ex armino/bk_peripheral/libbk_peripheral.a),armino/bk_peripheral/libbk_peripheral.a
1369,320,1049,0,1,1370,`55a,dvp_sm130a.c.obj (ex armino/bk_peripheral/libbk_peripheral.a),armino/bk_peripheral/libbk_peripheral.a
14,14,0,0,0,14,`e,bk_peripheral.c.obj (ex armino/bk_peripheral/libbk_peripheral.a),armino/bk_peripheral/libbk_peripheral.a
12,12,0,44,0,56,`38,lcd_panel_devices.c.obj (ex armino/bk_peripheral/libbk_peripheral.a),armino/bk_peripheral/libbk_peripheral.a
164,164,0,52,0,216,`d8,dvp_sensor_devices.c.obj (ex armino/bk_peripheral/libbk_peripheral.a),armino/bk_peripheral/libbk_peripheral.a
31447,17112,14335,97,13,31557,`7b45,armino/bk_peripheral/libbk_peripheral.a,armino/bk_peripheral/libbk_peripheral.a
4722,2230,2492,0,328,5050,`13ba,cm_backtrace.c.obj (ex armino/coredump/libcoredump.a),armino/coredump/libcoredump.a
4722,2230,2492,0,328,5050,`13ba,armino/coredump/libcoredump.a,armino/coredump/libcoredump.a
441,240,201,4,0,445,`1bd,webrtc_logging.c.obj (ex /home/yan/work/whole/bk_avdk-v2.0.1.29/projects/thirdparty/test/components/webrtc_sdk/lib/libwebrtc_stream.a),/home/yan/work/whole/bk_avdk-v2.0.1.29/projects/thirdparty/test/components/webrtc_sdk/lib/libwebrtc_stream.a
524,260,264,886,4,1414,`586,webrtc_avprofile.c.obj (ex /home/yan/work/whole/bk_avdk-v2.0.1.29/projects/thirdparty/test/components/webrtc_sdk/lib/libwebrtc_stream.a),/home/yan/work/whole/bk_avdk-v2.0.1.29/projects/thirdparty/test/components/webrtc_sdk/lib/libwebrtc_stream.a
10245,8528,1717,12,8,10265,`2819,srtp.c.obj (ex /home/yan/work/whole/bk_avdk-v2.0.1.29/projects/thirdparty/test/components/webrtc_sdk/lib/libwebrtc_stream.a),/home/yan/work/whole/bk_avdk-v2.0.1.29/projects/thirdparty/test/components/webrtc_sdk/lib/libwebrtc_stream.a
187,180,7,8,0,195,`c3,srtpcipher.c.obj (ex /home/yan/work/whole/bk_avdk-v2.0.1.29/projects/thirdparty/test/components/webrtc_sdk/lib/libwebrtc_stream.a),/home/yan/work/whole/bk_avdk-v2.0.1.29/projects/thirdparty/test/components/webrtc_sdk/lib/libwebrtc_stream.a
30,20,10,8,0,38,`26,auth.c.obj (ex /home/yan/work/whole/bk_avdk-v2.0.1.29/projects/thirdparty/test/components/webrtc_sdk/lib/libwebrtc_stream.a),/home/yan/work/whole/bk_avdk-v2.0.1.29/projects/thirdparty/test/components/webrtc_sdk/lib/libwebrtc_stream.a
130,88,42,8,0,138,`8a,alloc.c.obj (ex /home/yan/work/whole/bk_avdk-v2.0.1.29/projects/thirdparty/test/components/webrtc_sdk/lib/libwebrtc_stream.a),/home/yan/work/whole/bk_avdk-v2.0.1.29/projects/thirdparty/test/components/webrtc_sdk/lib/libwebrtc_stream.a
2073,1292,781,8,16,2097,`831,crypto_kernel.c.obj (ex /home/yan/work/whole/bk_avdk-v2.0.1.29/projects/thirdparty/test/components/webrtc_sdk/lib/libwebrtc_stream.a),/home/yan/work/whole/bk_avdk-v2.0.1.29/projects/thirdparty/test/components/webrtc_sdk/lib/libwebrtc_stream.a
10,0,10,8,0,18,`12,stat.c.obj (ex /home/yan/work/whole/bk_avdk-v2.0.1.29/projects/thirdparty/test/components/webrtc_sdk/lib/libwebrtc_stream.a),/home/yan/work/whole/bk_avdk-v2.0.1.29/projects/thirdparty/test/components/webrtc_sdk/lib/libwebrtc_stream.a
4169,4008,161,76,92,4337,`10f1,user_socket.c.obj (ex /home/yan/work/whole/bk_avdk-v2.0.1.29/projects/thirdparty/test/components/webrtc_sdk/lib/libwebrtc_stream.a),/home/yan/work/whole/bk_avdk-v2.0.1.29/projects/thirdparty/test/components/webrtc_sdk/lib/libwebrtc_stream.a
2056,810,1246,32,0,2088,`828,aes_gcm_ossl.c.obj (ex /home/yan/work/whole/bk_avdk-v2.0.1.29/projects/thirdparty/test/components/webrtc_sdk/lib/libwebrtc_stream.a),/home/yan/work/whole/bk_avdk-v2.0.1.29/projects/thirdparty/test/components/webrtc_sdk/lib/libwebrtc_stream.a
1797,834,963,8,48,1853,`73d,aes_icm_ossl.c.obj (ex /home/yan/work/whole/bk_avdk-v2.0.1.29/projects/thirdparty/test/components/webrtc_sdk/lib/libwebrtc_stream.a),/home/yan/work/whole/bk_avdk-v2.0.1.29/projects/thirdparty/test/components/webrtc_sdk/lib/libwebrtc_stream.a
633,312,321,8,0,641,`281,hmac_ossl.c.obj (ex /home/yan/work/whole/bk_avdk-v2.0.1.29/projects/thirdparty/test/components/webrtc_sdk/lib/libwebrtc_stream.a),/home/yan/work/whole/bk_avdk-v2.0.1.29/projects/thirdparty/test/components/webrtc_sdk/lib/libwebrtc_stream.a
1870,1640,230,0,0,1870,`74e,webrtc_port.c.obj (ex /home/yan/work/whole/bk_avdk-v2.0.1.29/projects/thirdparty/test/components/webrtc_sdk/lib/libwebrtc_stream.a),/home/yan/work/whole/bk_avdk-v2.0.1.29/projects/thirdparty/test/components/webrtc_sdk/lib/libwebrtc_stream.a
17721,13256,4465,0,3025,20746,`510a,webrtc.c.obj (ex /home/yan/work/whole/bk_avdk-v2.0.1.29/projects/thirdparty/test/components/webrtc_sdk/lib/libwebrtc_stream.a),/home/yan/work/whole/bk_avdk-v2.0.1.29/projects/thirdparty/test/components/webrtc_sdk/lib/libwebrtc_stream.a
46566,31188,15378,0,128,46694,`b666,webrtc_session.c.obj (ex /home/yan/work/whole/bk_avdk-v2.0.1.29/projects/thirdparty/test/components/webrtc_sdk/lib/libwebrtc_stream.a),/home/yan/work/whole/bk_avdk-v2.0.1.29/projects/thirdparty/test/components/webrtc_sdk/lib/libwebrtc_stream.a
5829,4772,1057,0,0,5829,`16c5,webrtc_cloud.c.obj (ex /home/yan/work/whole/bk_avdk-v2.0.1.29/projects/thirdparty/test/components/webrtc_sdk/lib/libwebrtc_stream.a),/home/yan/work/whole/bk_avdk-v2.0.1.29/projects/thirdparty/test/components/webrtc_sdk/lib/libwebrtc_stream.a
9296,4820,4476,6,0,9302,`2456,webrtc_mbedtlsstream.c.obj (ex /home/yan/work/whole/bk_avdk-v2.0.1.29/projects/thirdparty/test/components/webrtc_sdk/lib/libwebrtc_stream.a),/home/yan/work/whole/bk_avdk-v2.0.1.29/projects/thirdparty/test/components/webrtc_sdk/lib/libwebrtc_stream.a
7167,3878,3289,0,0,7167,`1bff,webrtc_sctp.c.obj (ex /home/yan/work/whole/bk_avdk-v2.0.1.29/projects/thirdparty/test/components/webrtc_sdk/lib/libwebrtc_stream.a),/home/yan/work/whole/bk_avdk-v2.0.1.29/projects/thirdparty/test/components/webrtc_sdk/lib/libwebrtc_stream.a
1208,1134,74,8,68,1284,`504,user_mbuf.c.obj (ex /home/yan/work/whole/bk_avdk-v2.0.1.29/projects/thirdparty/test/components/webrtc_sdk/lib/libwebrtc_stream.a),/home/yan/work/whole/bk_avdk-v2.0.1.29/projects/thirdparty/test/components/webrtc_sdk/lib/libwebrtc_stream.a
24817,24770,47,0,0,24817,`60f1,sctp_usrreq.c.obj (ex /home/yan/work/whole/bk_avdk-v2.0.1.29/projects/thirdparty/test/components/webrtc_sdk/lib/libwebrtc_stream.a),/home/yan/work/whole/bk_avdk-v2.0.1.29/projects/thirdparty/test/components/webrtc_sdk/lib/libwebrtc_stream.a
27559,24038,3521,0,0,27559,`6ba7,sctp_input.c.obj (ex /home/yan/work/whole/bk_avdk-v2.0.1.29/projects/thirdparty/test/components/webrtc_sdk/lib/libwebrtc_stream.a),/home/yan/work/whole/bk_avdk-v2.0.1.29/projects/thirdparty/test/components/webrtc_sdk/lib/libwebrtc_stream.a
19375,18546,829,0,0,19375,`4baf,sctputil.c.obj (ex /home/yan/work/whole/bk_avdk-v2.0.1.29/projects/thirdparty/test/components/webrtc_sdk/lib/libwebrtc_stream.a),/home/yan/work/whole/bk_avdk-v2.0.1.29/projects/thirdparty/test/components/webrtc_sdk/lib/libwebrtc_stream.a
54707,46696,8011,0,0,54707,`d5b3,sctp_output.c.obj (ex /home/yan/work/whole/bk_avdk-v2.0.1.29/projects/thirdparty/test/components/webrtc_sdk/lib/libwebrtc_stream.a),/home/yan/work/whole/bk_avdk-v2.0.1.29/projects/thirdparty/test/components/webrtc_sdk/lib/libwebrtc_stream.a
21473,20014,1459,0,1328,22801,`5911,sctp_pcb.c.obj (ex /home/yan/work/whole/bk_avdk-v2.0.1.29/projects/thirdparty/test/components/webrtc_sdk/lib/libwebrtc_stream.a),/home/yan/work/whole/bk_avdk-v2.0.1.29/projects/thirdparty/test/components/webrtc_sdk/lib/libwebrtc_stream.a
6359,5502,857,0,0,6359,`18d7,sctp_auth.c.obj (ex /home/yan/work/whole/bk_avdk-v2.0.1.29/projects/thirdparty/test/components/webrtc_sdk/lib/libwebrtc_stream.a),/home/yan/work/whole/bk_avdk-v2.0.1.29/projects/thirdparty/test/components/webrtc_sdk/lib/libwebrtc_stream.a
1964,1338,626,0,0,1964,`7ac,webrtc_b64.c.obj (ex /home/yan/work/whole/bk_avdk-v2.0.1.29/projects/thirdparty/test/components/webrtc_sdk/lib/libwebrtc_stream.a),/home/yan/work/whole/bk_avdk-v2.0.1.29/projects/thirdparty/test/components/webrtc_sdk/lib/libwebrtc_stream.a
7472,4224,3248,0,0,7472,`1d30,webrtc_stun.c.obj (ex /home/yan/work/whole/bk_avdk-v2.0.1.29/projects/thirdparty/test/components/webrtc_sdk/lib/libwebrtc_stream.a),/home/yan/work/whole/bk_avdk-v2.0.1.29/projects/thirdparty/test/components/webrtc_sdk/lib/libwebrtc_stream.a
3984,1966,2018,0,4,3988,`f94,webrtc_srtp.c.obj (ex /home/yan/work/whole/bk_avdk-v2.0.1.29/projects/thirdparty/test/components/webrtc_sdk/lib/libwebrtc_stream.a),/home/yan/work/whole/bk_avdk-v2.0.1.29/projects/thirdparty/test/components/webrtc_sdk/lib/libwebrtc_stream.a
7026,6900,126,0,0,7026,`1b72,sdp_message.c.obj (ex /home/yan/work/whole/bk_avdk-v2.0.1.29/projects/thirdparty/test/components/webrtc_sdk/lib/libwebrtc_stream.a),/home/yan/work/whole/bk_avdk-v2.0.1.29/projects/thirdparty/test/components/webrtc_sdk/lib/libwebrtc_stream.a
14966,13236,1730,0,0,14966,`3a76,webrtc_signal.c.obj (ex /home/yan/work/whole/bk_avdk-v2.0.1.29/projects/thirdparty/test/components/webrtc_sdk/lib/libwebrtc_stream.a),/home/yan/work/whole/bk_avdk-v2.0.1.29/projects/thirdparty/test/components/webrtc_sdk/lib/libwebrtc_stream.a
1254,868,386,0,4,1258,`4ea,webrtc_utils.c.obj (ex /home/yan/work/whole/bk_avdk-v2.0.1.29/projects/thirdparty/test/components/webrtc_sdk/lib/libwebrtc_stream.a),/home/yan/work/whole/bk_avdk-v2.0.1.29/projects/thirdparty/test/components/webrtc_sdk/lib/libwebrtc_stream.a
572,438,134,0,0,572,`23c,webrtc_event.c.obj (ex /home/yan/work/whole/bk_avdk-v2.0.1.29/projects/thirdparty/test/components/webrtc_sdk/lib/libwebrtc_stream.a),/home/yan/work/whole/bk_avdk-v2.0.1.29/projects/thirdparty/test/components/webrtc_sdk/lib/libwebrtc_stream.a
5883,4596,1287,0,0,5883,`16fb,webrtc_madia_sdp.c.obj (ex /home/yan/work/whole/bk_avdk-v2.0.1.29/projects/thirdparty/test/components/webrtc_sdk/lib/libwebrtc_stream.a),/home/yan/work/whole/bk_avdk-v2.0.1.29/projects/thirdparty/test/components/webrtc_sdk/lib/libwebrtc_stream.a
1989,876,1113,0,0,1989,`7c5,webrtc_hashmap.c.obj (ex /home/yan/work/whole/bk_avdk-v2.0.1.29/projects/thirdparty/test/components/webrtc_sdk/lib/libwebrtc_stream.a),/home/yan/work/whole/bk_avdk-v2.0.1.29/projects/thirdparty/test/components/webrtc_sdk/lib/libwebrtc_stream.a
739,628,111,0,0,739,`2e3,webrtc_sal.c.obj (ex /home/yan/work/whole/bk_avdk-v2.0.1.29/projects/thirdparty/test/components/webrtc_sdk/lib/libwebrtc_stream.a),/home/yan/work/whole/bk_avdk-v2.0.1.29/projects/thirdparty/test/components/webrtc_sdk/lib/libwebrtc_stream.a
9162,7778,1384,0,0,9162,`23ca,webrtc_mediadescription.c.obj (ex /home/yan/work/whole/bk_avdk-v2.0.1.29/projects/thirdparty/test/components/webrtc_sdk/lib/libwebrtc_stream.a),/home/yan/work/whole/bk_avdk-v2.0.1.29/projects/thirdparty/test/components/webrtc_sdk/lib/libwebrtc_stream.a
608,448,160,0,0,608,`260,webrtc_payloadtype.c.obj (ex /home/yan/work/whole/bk_avdk-v2.0.1.29/projects/thirdparty/test/components/webrtc_sdk/lib/libwebrtc_stream.a),/home/yan/work/whole/bk_avdk-v2.0.1.29/projects/thirdparty/test/components/webrtc_sdk/lib/libwebrtc_stream.a
12300,9688,2612,0,0,12300,`300c,webrtc_stunmsg.c.obj (ex /home/yan/work/whole/bk_avdk-v2.0.1.29/projects/thirdparty/test/components/webrtc_sdk/lib/libwebrtc_stream.a),/home/yan/work/whole/bk_avdk-v2.0.1.29/projects/thirdparty/test/components/webrtc_sdk/lib/libwebrtc_stream.a
469,404,65,0,0,469,`1d5,webrtc_stun_udp.c.obj (ex /home/yan/work/whole/bk_avdk-v2.0.1.29/projects/thirdparty/test/components/webrtc_sdk/lib/libwebrtc_stream.a),/home/yan/work/whole/bk_avdk-v2.0.1.29/projects/thirdparty/test/components/webrtc_sdk/lib/libwebrtc_stream.a
2932,2036,896,0,0,2932,`b74,webrtc_rtpparse.c.obj (ex /home/yan/work/whole/bk_avdk-v2.0.1.29/projects/thirdparty/test/components/webrtc_sdk/lib/libwebrtc_stream.a),/home/yan/work/whole/bk_avdk-v2.0.1.29/projects/thirdparty/test/components/webrtc_sdk/lib/libwebrtc_stream.a
1302,862,440,0,0,1302,`516,webrtc_rtcpparse.c.obj (ex /home/yan/work/whole/bk_avdk-v2.0.1.29/projects/thirdparty/test/components/webrtc_sdk/lib/libwebrtc_stream.a),/home/yan/work/whole/bk_avdk-v2.0.1.29/projects/thirdparty/test/components/webrtc_sdk/lib/libwebrtc_stream.a
177,164,13,0,0,177,`b1,webrtc_rtpprofile.c.obj (ex /home/yan/work/whole/bk_avdk-v2.0.1.29/projects/thirdparty/test/components/webrtc_sdk/lib/libwebrtc_stream.a),/home/yan/work/whole/bk_avdk-v2.0.1.29/projects/thirdparty/test/components/webrtc_sdk/lib/libwebrtc_stream.a
5800,4686,1114,0,0,5800,`16a8,webrtc_source.c.obj (ex /home/yan/work/whole/bk_avdk-v2.0.1.29/projects/thirdparty/test/components/webrtc_sdk/lib/libwebrtc_stream.a),/home/yan/work/whole/bk_avdk-v2.0.1.29/projects/thirdparty/test/components/webrtc_sdk/lib/libwebrtc_stream.a
7048,6228,820,0,0,7048,`1b88,webrtc_sender.c.obj (ex /home/yan/work/whole/bk_avdk-v2.0.1.29/projects/thirdparty/test/components/webrtc_sdk/lib/libwebrtc_stream.a),/home/yan/work/whole/bk_avdk-v2.0.1.29/projects/thirdparty/test/components/webrtc_sdk/lib/libwebrtc_stream.a
8522,5516,3006,0,0,8522,`214a,webrtc_reciver.c.obj (ex /home/yan/work/whole/bk_avdk-v2.0.1.29/projects/thirdparty/test/components/webrtc_sdk/lib/libwebrtc_stream.a),/home/yan/work/whole/bk_avdk-v2.0.1.29/projects/thirdparty/test/components/webrtc_sdk/lib/libwebrtc_stream.a
202,156,46,0,0,202,`ca,webrtc_rtcp.c.obj (ex /home/yan/work/whole/bk_avdk-v2.0.1.29/projects/thirdparty/test/components/webrtc_sdk/lib/libwebrtc_stream.a),/home/yan/work/whole/bk_avdk-v2.0.1.29/projects/thirdparty/test/components/webrtc_sdk/lib/libwebrtc_stream.a
4249,4202,47,12,8,4269,`10ad,webrtc_cJSON.c.obj (ex /home/yan/work/whole/bk_avdk-v2.0.1.29/projects/thirdparty/test/components/webrtc_sdk/lib/libwebrtc_stream.a),/home/yan/work/whole/bk_avdk-v2.0.1.29/projects/thirdparty/test/components/webrtc_sdk/lib/libwebrtc_stream.a
1144,996,148,0,0,1144,`478,webrtc_mixer.c.obj (ex /home/yan/work/whole/bk_avdk-v2.0.1.29/projects/thirdparty/test/components/webrtc_sdk/lib/libwebrtc_stream.a),/home/yan/work/whole/bk_avdk-v2.0.1.29/projects/thirdparty/test/components/webrtc_sdk/lib/libwebrtc_stream.a
133,96,37,0,0,133,`85,webrtc_webserver.c.obj (ex /home/yan/work/whole/bk_avdk-v2.0.1.29/projects/thirdparty/test/components/webrtc_sdk/lib/libwebrtc_stream.a),/home/yan/work/whole/bk_avdk-v2.0.1.29/projects/thirdparty/test/components/webrtc_sdk/lib/libwebrtc_stream.a
663,646,17,0,1024,1687,`697,datatypes.c.obj (ex /home/yan/work/whole/bk_avdk-v2.0.1.29/projects/thirdparty/test/components/webrtc_sdk/lib/libwebrtc_stream.a),/home/yan/work/whole/bk_avdk-v2.0.1.29/projects/thirdparty/test/components/webrtc_sdk/lib/libwebrtc_stream.a
498,414,84,0,0,498,`1f2,rdbx.c.obj (ex /home/yan/work/whole/bk_avdk-v2.0.1.29/projects/thirdparty/test/components/webrtc_sdk/lib/libwebrtc_stream.a),/home/yan/work/whole/bk_avdk-v2.0.1.29/projects/thirdparty/test/components/webrtc_sdk/lib/libwebrtc_stream.a
462,338,124,0,0,462,`1ce,ekt.c.obj (ex /home/yan/work/whole/bk_avdk-v2.0.1.29/projects/thirdparty/test/components/webrtc_sdk/lib/libwebrtc_stream.a),/home/yan/work/whole/bk_avdk-v2.0.1.29/projects/thirdparty/test/components/webrtc_sdk/lib/libwebrtc_stream.a
180,80,100,0,0,180,`b4,null_cipher.c.obj (ex /home/yan/work/whole/bk_avdk-v2.0.1.29/projects/thirdparty/test/components/webrtc_sdk/lib/libwebrtc_stream.a),/home/yan/work/whole/bk_avdk-v2.0.1.29/projects/thirdparty/test/components/webrtc_sdk/lib/libwebrtc_stream.a
185,92,93,0,0,185,`b9,null_auth.c.obj (ex /home/yan/work/whole/bk_avdk-v2.0.1.29/projects/thirdparty/test/components/webrtc_sdk/lib/libwebrtc_stream.a),/home/yan/work/whole/bk_avdk-v2.0.1.29/projects/thirdparty/test/components/webrtc_sdk/lib/libwebrtc_stream.a
8520,328,8192,0,0,8520,`2148,sctp_crc32.c.obj (ex /home/yan/work/whole/bk_avdk-v2.0.1.29/projects/thirdparty/test/components/webrtc_sdk/lib/libwebrtc_stream.a),/home/yan/work/whole/bk_avdk-v2.0.1.29/projects/thirdparty/test/components/webrtc_sdk/lib/libwebrtc_stream.a
324,264,60,0,120,444,`1bc,sctp_bsd_addr.c.obj (ex /home/yan/work/whole/bk_avdk-v2.0.1.29/projects/thirdparty/test/components/webrtc_sdk/lib/libwebrtc_stream.a),/home/yan/work/whole/bk_avdk-v2.0.1.29/projects/thirdparty/test/components/webrtc_sdk/lib/libwebrtc_stream.a
635,572,63,0,8,643,`283,sctp_callout.c.obj (ex /home/yan/work/whole/bk_avdk-v2.0.1.29/projects/thirdparty/test/components/webrtc_sdk/lib/libwebrtc_stream.a),/home/yan/work/whole/bk_avdk-v2.0.1.29/projects/thirdparty/test/components/webrtc_sdk/lib/libwebrtc_stream.a
7261,4960,2301,0,0,7261,`1c5d,sctp_asconf.c.obj (ex /home/yan/work/whole/bk_avdk-v2.0.1.29/projects/thirdparty/test/components/webrtc_sdk/lib/libwebrtc_stream.a),/home/yan/work/whole/bk_avdk-v2.0.1.29/projects/thirdparty/test/components/webrtc_sdk/lib/libwebrtc_stream.a
7229,6364,865,0,0,7229,`1c3d,sctp_cc_functions.c.obj (ex /home/yan/work/whole/bk_avdk-v2.0.1.29/projects/thirdparty/test/components/webrtc_sdk/lib/libwebrtc_stream.a),/home/yan/work/whole/bk_avdk-v2.0.1.29/projects/thirdparty/test/components/webrtc_sdk/lib/libwebrtc_stream.a
29440,26594,2846,0,0,29440,`7300,sctp_indata.c.obj (ex /home/yan/work/whole/bk_avdk-v2.0.1.29/projects/thirdparty/test/components/webrtc_sdk/lib/libwebrtc_stream.a),/home/yan/work/whole/bk_avdk-v2.0.1.29/projects/thirdparty/test/components/webrtc_sdk/lib/libwebrtc_stream.a
2486,2198,288,0,0,2486,`9b6,sctp_ss_functions.c.obj (ex /home/yan/work/whole/bk_avdk-v2.0.1.29/projects/thirdparty/test/components/webrtc_sdk/lib/libwebrtc_stream.a),/home/yan/work/whole/bk_avdk-v2.0.1.29/projects/thirdparty/test/components/webrtc_sdk/lib/libwebrtc_stream.a
8709,7714,995,0,0,8709,`2205,sctp_timer.c.obj (ex /home/yan/work/whole/bk_avdk-v2.0.1.29/projects/thirdparty/test/components/webrtc_sdk/lib/libwebrtc_stream.a),/home/yan/work/whole/bk_avdk-v2.0.1.29/projects/thirdparty/test/components/webrtc_sdk/lib/libwebrtc_stream.a
44,44,0,0,0,44,`2c,webrtc_resample.c.obj (ex /home/yan/work/whole/bk_avdk-v2.0.1.29/projects/thirdparty/test/components/webrtc_sdk/lib/libwebrtc_stream.a),/home/yan/work/whole/bk_avdk-v2.0.1.29/projects/thirdparty/test/components/webrtc_sdk/lib/libwebrtc_stream.a
122,122,0,0,0,122,`7a,osip_port.c.obj (ex /home/yan/work/whole/bk_avdk-v2.0.1.29/projects/thirdparty/test/components/webrtc_sdk/lib/libwebrtc_stream.a),/home/yan/work/whole/bk_avdk-v2.0.1.29/projects/thirdparty/test/components/webrtc_sdk/lib/libwebrtc_stream.a
400,400,0,0,0,400,`190,osip_list.c.obj (ex /home/yan/work/whole/bk_avdk-v2.0.1.29/projects/thirdparty/test/components/webrtc_sdk/lib/libwebrtc_stream.a),/home/yan/work/whole/bk_avdk-v2.0.1.29/projects/thirdparty/test/components/webrtc_sdk/lib/libwebrtc_stream.a
790,790,0,0,0,790,`316,sdp_accessor.c.obj (ex /home/yan/work/whole/bk_avdk-v2.0.1.29/projects/thirdparty/test/components/webrtc_sdk/lib/libwebrtc_stream.a),/home/yan/work/whole/bk_avdk-v2.0.1.29/projects/thirdparty/test/components/webrtc_sdk/lib/libwebrtc_stream.a
144,144,0,0,4,148,`94,err.c.obj (ex /home/yan/work/whole/bk_avdk-v2.0.1.29/projects/thirdparty/test/components/webrtc_sdk/lib/libwebrtc_stream.a),/home/yan/work/whole/bk_avdk-v2.0.1.29/projects/thirdparty/test/components/webrtc_sdk/lib/libwebrtc_stream.a
90,90,0,0,0,90,`5a,key.c.obj (ex /home/yan/work/whole/bk_avdk-v2.0.1.29/projects/thirdparty/test/components/webrtc_sdk/lib/libwebrtc_stream.a),/home/yan/work/whole/bk_avdk-v2.0.1.29/projects/thirdparty/test/components/webrtc_sdk/lib/libwebrtc_stream.a
166,166,0,0,0,166,`a6,rdb.c.obj (ex /home/yan/work/whole/bk_avdk-v2.0.1.29/projects/thirdparty/test/components/webrtc_sdk/lib/libwebrtc_stream.a),/home/yan/work/whole/bk_avdk-v2.0.1.29/projects/thirdparty/test/components/webrtc_sdk/lib/libwebrtc_stream.a
412,412,0,0,0,412,`19c,sctp_sysctl.c.obj (ex /home/yan/work/whole/bk_avdk-v2.0.1.29/projects/thirdparty/test/components/webrtc_sdk/lib/libwebrtc_stream.a),/home/yan/work/whole/bk_avdk-v2.0.1.29/projects/thirdparty/test/components/webrtc_sdk/lib/libwebrtc_stream.a
784,784,0,0,0,784,`310,sctp_sha1.c.obj (ex /home/yan/work/whole/bk_avdk-v2.0.1.29/projects/thirdparty/test/components/webrtc_sdk/lib/libwebrtc_stream.a),/home/yan/work/whole/bk_avdk-v2.0.1.29/projects/thirdparty/test/components/webrtc_sdk/lib/libwebrtc_stream.a
48,48,0,16,0,64,`40,user_environment.c.obj (ex /home/yan/work/whole/bk_avdk-v2.0.1.29/projects/thirdparty/test/components/webrtc_sdk/lib/libwebrtc_stream.a),/home/yan/work/whole/bk_avdk-v2.0.1.29/projects/thirdparty/test/components/webrtc_sdk/lib/libwebrtc_stream.a
50,50,0,0,0,50,`32,sctp_userspace.c.obj (ex /home/yan/work/whole/bk_avdk-v2.0.1.29/projects/thirdparty/test/components/webrtc_sdk/lib/libwebrtc_stream.a),/home/yan/work/whole/bk_avdk-v2.0.1.29/projects/thirdparty/test/components/webrtc_sdk/lib/libwebrtc_stream.a
435781,348770,87011,1108,5889,442778,`6c19a,/home/yan/work/whole/bk_avdk-v2.0.1.29/projects/thirdparty/test/components/webrtc_sdk/lib/libwebrtc_stream.a,/home/yan/work/whole/bk_avdk-v2.0.1.29/projects/thirdparty/test/components/webrtc_sdk/lib/libwebrtc_stream.a
3466,746,2720,0,0,3466,`d8a,cipher_wrap.c.obj (ex armino/mbedtls/libmbedtls.a),armino/mbedtls/libmbedtls.a
7329,7166,163,0,8,7337,`1ca9,ecp.c.obj (ex armino/mbedtls/libmbedtls.a),armino/mbedtls/libmbedtls.a
939,700,239,0,0,939,`3ab,pk_wrap.c.obj (ex armino/mbedtls/libmbedtls.a),armino/mbedtls/libmbedtls.a
7310,200,7110,0,372,7682,`1e02,ssl_ciphersuites.c.obj (ex armino/mbedtls/libmbedtls.a),armino/mbedtls/libmbedtls.a
16972,11216,5756,0,0,16972,`424c,ssl_srv.c.obj (ex armino/mbedtls/libmbedtls.a),armino/mbedtls/libmbedtls.a
13673,10640,3033,51,0,13724,`359c,ssl_tls.c.obj (ex armino/mbedtls/libmbedtls.a),armino/mbedtls/libmbedtls.a
9198,6958,2240,0,0,9198,`23ee,x509_crt.c.obj (ex armino/mbedtls/libmbedtls.a),armino/mbedtls/libmbedtls.a
4828,846,3982,0,0,4828,`12dc,oid.c.obj (ex armino/mbedtls/libmbedtls.a),armino/mbedtls/libmbedtls.a
16098,10550,5548,0,0,16098,`3ee2,ssl_cli.c.obj (ex armino/mbedtls/libmbedtls.a),armino/mbedtls/libmbedtls.a
108,64,44,0,0,108,`6c,tls_mem.c.obj (ex armino/mbedtls/libmbedtls.a),armino/mbedtls/libmbedtls.a
22857,15440,7417,0,0,22857,`5949,ssl_msg.c.obj (ex armino/mbedtls/libmbedtls.a),armino/mbedtls/libmbedtls.a
2638,2134,504,0,0,2638,`a4e,camellia.c.obj (ex armino/mbedtls/libmbedtls.a),armino/mbedtls/libmbedtls.a
8364,7692,672,0,0,8364,`20ac,bignum.c.obj (ex armino/mbedtls/libmbedtls.a),armino/mbedtls/libmbedtls.a
1801,1600,201,0,4,1805,`70d,debug.c.obj (ex armino/mbedtls/libmbedtls.a),armino/mbedtls/libmbedtls.a
2992,2576,416,4,0,2996,`bb4,ecp_curves.c.obj (ex armino/mbedtls/libmbedtls.a),armino/mbedtls/libmbedtls.a
1329,1162,167,0,0,1329,`531,md.c.obj (ex armino/mbedtls/libmbedtls.a),armino/mbedtls/libmbedtls.a
773,746,27,0,0,773,`305,pk.c.obj (ex armino/mbedtls/libmbedtls.a),armino/mbedtls/libmbedtls.a
3613,3334,279,0,0,3613,`e1d,pkparse.c.obj (ex armino/mbedtls/libmbedtls.a),armino/mbedtls/libmbedtls.a
5630,5566,64,0,0,5630,`15fe,ripemd160.c.obj (ex armino/mbedtls/libmbedtls.a),armino/mbedtls/libmbedtls.a
1631,1576,55,0,0,1631,`65f,rsa_internal.c.obj (ex armino/mbedtls/libmbedtls.a),armino/mbedtls/libmbedtls.a
4304,3664,640,0,0,4304,`10d0,sha512.c.obj (ex armino/mbedtls/libmbedtls.a),armino/mbedtls/libmbedtls.a
2363,2272,91,0,0,2363,`93b,x509.c.obj (ex armino/mbedtls/libmbedtls.a),armino/mbedtls/libmbedtls.a
1694,1544,150,0,0,1694,`69e,pem.c.obj (ex armino/mbedtls/libmbedtls.a),armino/mbedtls/libmbedtls.a
944,934,10,0,0,944,`3b0,pkcs5.c.obj (ex armino/mbedtls/libmbedtls.a),armino/mbedtls/libmbedtls.a
3478,3478,0,0,0,3478,`d96,aes.c.obj (ex armino/mbedtls/libmbedtls.a),armino/mbedtls/libmbedtls.a
2056,2056,0,0,0,2056,`808,cipher.c.obj (ex armino/mbedtls/libmbedtls.a),armino/mbedtls/libmbedtls.a
984,984,0,0,0,984,`3d8,ctr_drbg.c.obj (ex armino/mbedtls/libmbedtls.a),armino/mbedtls/libmbedtls.a
3126,3126,0,0,0,3126,`c36,des.c.obj (ex armino/mbedtls/libmbedtls.a),armino/mbedtls/libmbedtls.a
736,736,0,0,0,736,`2e0,entropy.c.obj (ex armino/mbedtls/libmbedtls.a),armino/mbedtls/libmbedtls.a
1502,1502,0,0,0,1502,`5de,gcm.c.obj (ex armino/mbedtls/libmbedtls.a),armino/mbedtls/libmbedtls.a
768,768,0,0,0,768,`300,hmac_drbg.c.obj (ex armino/mbedtls/libmbedtls.a),armino/mbedtls/libmbedtls.a
2346,2346,0,0,0,2346,`92a,md5.c.obj (ex armino/mbedtls/libmbedtls.a),armino/mbedtls/libmbedtls.a
24,24,0,8,0,32,`20,platform.c.obj (ex armino/mbedtls/libmbedtls.a),armino/mbedtls/libmbedtls.a
20,20,0,4,0,24,`18,platform_util.c.obj (ex armino/mbedtls/libmbedtls.a),armino/mbedtls/libmbedtls.a
5290,5290,0,0,0,5290,`14aa,rsa.c.obj (ex armino/mbedtls/libmbedtls.a),armino/mbedtls/libmbedtls.a
4166,4166,0,0,0,4166,`1046,sha1.c.obj (ex armino/mbedtls/libmbedtls.a),armino/mbedtls/libmbedtls.a
2422,2422,0,0,0,2422,`976,sha256.c.obj (ex armino/mbedtls/libmbedtls.a),armino/mbedtls/libmbedtls.a
60,60,0,0,0,60,`3c,ssl_cache.c.obj (ex armino/mbedtls/libmbedtls.a),armino/mbedtls/libmbedtls.a
138,138,0,0,0,138,`8a,ssl_cookie.c.obj (ex armino/mbedtls/libmbedtls.a),armino/mbedtls/libmbedtls.a
1394,1394,0,0,0,1394,`572,constant_time.c.obj (ex armino/mbedtls/libmbedtls.a),armino/mbedtls/libmbedtls.a
66,66,0,0,0,66,`42,tls_hardware.c.obj (ex armino/mbedtls/libmbedtls.a),armino/mbedtls/libmbedtls.a
164,164,0,0,0,164,`a4,arc4.c.obj (ex armino/mbedtls/libmbedtls.a),armino/mbedtls/libmbedtls.a
950,950,0,0,0,950,`3b6,asn1parse.c.obj (ex armino/mbedtls/libmbedtls.a),armino/mbedtls/libmbedtls.a
396,396,0,0,0,396,`18c,asn1write.c.obj (ex armino/mbedtls/libmbedtls.a),armino/mbedtls/libmbedtls.a
684,684,0,0,0,684,`2ac,blowfish.c.obj (ex armino/mbedtls/libmbedtls.a),armino/mbedtls/libmbedtls.a
1170,1170,0,0,0,1170,`492,ccm.c.obj (ex armino/mbedtls/libmbedtls.a),armino/mbedtls/libmbedtls.a
892,892,0,0,0,892,`37c,chacha20.c.obj (ex armino/mbedtls/libmbedtls.a),armino/mbedtls/libmbedtls.a
904,904,0,0,0,904,`388,chachapoly.c.obj (ex armino/mbedtls/libmbedtls.a),armino/mbedtls/libmbedtls.a
1362,1362,0,0,0,1362,`552,dhm.c.obj (ex armino/mbedtls/libmbedtls.a),armino/mbedtls/libmbedtls.a
834,834,0,0,0,834,`342,ecdh.c.obj (ex armino/mbedtls/libmbedtls.a),armino/mbedtls/libmbedtls.a
1314,1314,0,0,0,1314,`522,ecdsa.c.obj (ex armino/mbedtls/libmbedtls.a),armino/mbedtls/libmbedtls.a
1422,1422,0,0,0,1422,`58e,pkcs12.c.obj (ex armino/mbedtls/libmbedtls.a),armino/mbedtls/libmbedtls.a
1058,1058,0,0,0,1058,`422,poly1305.c.obj (ex armino/mbedtls/libmbedtls.a),armino/mbedtls/libmbedtls.a
296,296,0,0,0,296,`128,base64.c.obj (ex armino/mbedtls/libmbedtls.a),armino/mbedtls/libmbedtls.a
180876,139348,41528,67,384,181327,`2c44f,armino/mbedtls/libmbedtls.a,armino/mbedtls/libmbedtls.a
2400,1922,478,0,17,2417,`971,event.c.obj (ex armino/bk_event/libbk_event.a),armino/bk_event/libbk_event.a
2400,1922,478,0,17,2417,`971,armino/bk_event/libbk_event.a,armino/bk_event/libbk_event.a
155,98,57,0,0,155,`9b,rtc_bk.c.obj (ex armino/project_defs/libproject_defs.a),armino/project_defs/libproject_defs.a
268,268,0,0,0,268,`10c,rtc_list.c.obj (ex armino/project_defs/libproject_defs.a),armino/project_defs/libproject_defs.a
423,366,57,0,0,423,`1a7,armino/project_defs/libproject_defs.a,armino/project_defs/libproject_defs.a
1667,868,799,0,0,1667,`683,rtos_debug.c.obj (ex armino/bk_rtos/libbk_rtos.a),armino/bk_rtos/libbk_rtos.a
342,218,124,0,0,342,`156,platform_stub.c.obj (ex armino/bk_rtos/libbk_rtos.a),armino/bk_rtos/libbk_rtos.a
2667,2352,315,4816,1,7484,`1d3c,rtos_pub.c.obj (ex armino/bk_rtos/libbk_rtos.a),armino/bk_rtos/libbk_rtos.a
557,388,169,0,0,557,`22d,mem_arch.c.obj (ex armino/bk_rtos/libbk_rtos.a),armino/bk_rtos/libbk_rtos.a
62,62,0,0,0,62,`3e,str_arch.c.obj (ex armino/bk_rtos/libbk_rtos.a),armino/bk_rtos/libbk_rtos.a
68,68,0,0,4,72,`48,pthread_local_storage.c.obj (ex armino/bk_rtos/libbk_rtos.a),armino/bk_rtos/libbk_rtos.a
5363,3956,1407,4816,5,10184,`27c8,armino/bk_rtos/libbk_rtos.a,armino/bk_rtos/libbk_rtos.a
208,120,88,0,4,212,`d4,components_init.c.obj (ex armino/bk_init/libbk_init.a),armino/bk_init/libbk_init.a
4,4,0,0,0,4,`4,bk_init.c.obj (ex armino/bk_init/libbk_init.a),armino/bk_init/libbk_init.a
212,124,88,0,4,216,`d8,armino/bk_init/libbk_init.a,armino/bk_init/libbk_init.a
3321,3010,311,0,0,3321,`cf9,queue.c.obj (ex armino/os_source/libos_source.a),armino/os_source/libos_source.a
6072,5564,508,4,364,6440,`1928,tasks.c.obj (ex armino/os_source/libos_source.a),armino/os_source/libos_source.a
631,536,95,4,0,635,`27b,port.c.obj (ex armino/os_source/libos_source.a),armino/os_source/libos_source.a
2930,2554,376,0,132,3062,`bf6,heap_4.c.obj (ex armino/os_source/libos_source.a),armino/os_source/libos_source.a
1372,1218,154,0,396,1768,`6e8,timers.c.obj (ex armino/os_source/libos_source.a),armino/os_source/libos_source.a
224,224,0,0,0,224,`e0,portasm.c.obj (ex armino/os_source/libos_source.a),armino/os_source/libos_source.a
132,132,0,0,0,132,`84,list.c.obj (ex armino/os_source/libos_source.a),armino/os_source/libos_source.a
14682,13238,1444,8,892,15582,`3cde,armino/os_source/libos_source.a,armino/os_source/libos_source.a
8066,7832,234,0,4,8070,`1f86,webrtc_avilib.c.obj (ex armino/webrtc_avi/libwebrtc_avi.a),armino/webrtc_avi/libwebrtc_avi.a
8066,7832,234,0,4,8070,`1f86,armino/webrtc_avi/libwebrtc_avi.a,armino/webrtc_avi/libwebrtc_avi.a
4108,3552,556,0,4189,8297,`2069,socket_minor.c.obj (ex armino/webrtc_minor/libwebrtc_minor.a),armino/webrtc_minor/libwebrtc_minor.a
4203,3898,305,0,4,4207,`106f,vfs_file_minor.c.obj (ex armino/webrtc_minor/libwebrtc_minor.a),armino/webrtc_minor/libwebrtc_minor.a
8311,7450,861,0,4193,12504,`30d8,armino/webrtc_minor/libwebrtc_minor.a,armino/webrtc_minor/libwebrtc_minor.a
2773,2450,323,0,130,2903,`b57,bk_usb_mailbox_master.c.obj (ex armino/bk_usb/libbk_usb.a),armino/bk_usb/libbk_usb.a
2773,2450,323,0,130,2903,`b57,armino/bk_usb/libbk_usb.a,armino/bk_usb/libbk_usb.a
157,134,23,0,32,189,`bd,system_main.c.obj (ex armino/bk_startup/libbk_startup.a),armino/bk_startup/libbk_startup.a
10,10,0,0,0,10,`a,rtos_init.c.obj (ex armino/bk_startup/libbk_startup.a),armino/bk_startup/libbk_startup.a
167,144,23,0,32,199,`c7,armino/bk_startup/libbk_startup.a,armino/bk_startup/libbk_startup.a
1297,918,379,762,1,2060,`80c,pm.c.obj (ex armino/bk_pm/libbk_pm.a),armino/bk_pm/libbk_pm.a
46,46,0,0,0,46,`2e,pm_misc.c.obj (ex armino/bk_pm/libbk_pm.a),armino/bk_pm/libbk_pm.a
1343,964,379,762,1,2106,`83a,armino/bk_pm/libbk_pm.a,armino/bk_pm/libbk_pm.a
5168,0,5168,0,0,5168,`1430,aec_data.c.obj (ex /home/yan/work/whole/bk_avdk-v2.0.1.29/projects/thirdparty/test/components/avdk_libs/bk7258_cp1/libs/libaec.a),/home/yan/work/whole/bk_avdk-v2.0.1.29/projects/thirdparty/test/components/avdk_libs/bk7258_cp1/libs/libaec.a
936,936,0,0,4,940,`3ac,aec.c.obj (ex /home/yan/work/whole/bk_avdk-v2.0.1.29/projects/thirdparty/test/components/avdk_libs/bk7258_cp1/libs/libaec.a),/home/yan/work/whole/bk_avdk-v2.0.1.29/projects/thirdparty/test/components/avdk_libs/bk7258_cp1/libs/libaec.a
6838,6838,0,0,0,6838,`1ab6,aec_fft.c.obj (ex /home/yan/work/whole/bk_avdk-v2.0.1.29/projects/thirdparty/test/components/avdk_libs/bk7258_cp1/libs/libaec.a),/home/yan/work/whole/bk_avdk-v2.0.1.29/projects/thirdparty/test/components/avdk_libs/bk7258_cp1/libs/libaec.a
12942,7774,5168,0,4,12946,`3292,/home/yan/work/whole/bk_avdk-v2.0.1.29/projects/thirdparty/test/components/avdk_libs/bk7258_cp1/libs/libaec.a,/home/yan/work/whole/bk_avdk-v2.0.1.29/projects/thirdparty/test/components/avdk_libs/bk7258_cp1/libs/libaec.a
194,98,96,0,0,194,`c2,aon_pmu_hal.c.obj (ex armino/bk7258_cp1/libbk7258_cp1.a),armino/bk7258_cp1/libbk7258_cp1.a
160,32,128,0,0,160,`a0,jpeg_ll.c.obj (ex armino/bk7258_cp1/libbk7258_cp1.a),armino/bk7258_cp1/libbk7258_cp1.a
32,32,0,85,0,117,`75,mpu_cfg.c.obj (ex armino/bk7258_cp1/libbk7258_cp1.a),armino/bk7258_cp1/libbk7258_cp1.a
1856,1856,0,0,0,1856,`740,interrupts.c.obj (ex armino/bk7258_cp1/libbk7258_cp1.a),armino/bk7258_cp1/libbk7258_cp1.a
794,794,0,0,0,794,`31a,sys_hal.c.obj (ex armino/bk7258_cp1/libbk7258_cp1.a),armino/bk7258_cp1/libbk7258_cp1.a
84,84,0,0,0,84,`54,timer_hal.c.obj (ex armino/bk7258_cp1/libbk7258_cp1.a),armino/bk7258_cp1/libbk7258_cp1.a
3120,2896,224,85,0,3205,`c85,armino/bk7258_cp1/libbk7258_cp1.a,armino/bk7258_cp1/libbk7258_cp1.a
900,372,528,0,0,900,`384,jerror.c.obj (ex /home/yan/work/whole/bk_avdk-v2.0.1.29/projects/thirdparty/test/components/avdk_libs/bk7258_cp1/libs/liblibjpeg.a),/home/yan/work/whole/bk_avdk-v2.0.1.29/projects/thirdparty/test/components/avdk_libs/bk7258_cp1/libs/liblibjpeg.a
104,104,0,0,0,104,`68,jcomapi.c.obj (ex /home/yan/work/whole/bk_avdk-v2.0.1.29/projects/thirdparty/test/components/avdk_libs/bk7258_cp1/libs/liblibjpeg.a),/home/yan/work/whole/bk_avdk-v2.0.1.29/projects/thirdparty/test/components/avdk_libs/bk7258_cp1/libs/liblibjpeg.a
1004,476,528,0,0,1004,`3ec,/home/yan/work/whole/bk_avdk-v2.0.1.29/projects/thirdparty/test/components/avdk_libs/bk7258_cp1/libs/liblibjpeg.a,/home/yan/work/whole/bk_avdk-v2.0.1.29/projects/thirdparty/test/components/avdk_libs/bk7258_cp1/libs/liblibjpeg.a
14,0,14,2,0,16,`10,lib_a-lnumeric.o (ex /opt/gcc-arm-none-eabi-10.3-2021.10/bin/../lib/gcc/arm-none-eabi/10.3.1/../../../../arm-none-eabi/lib/thumb/v8-m.main+fp/hard/libc.a),/opt/gcc-arm-none-eabi-10.3-2021.10/bin/../lib/gcc/arm-none-eabi/10.3.1/../../../../arm-none-eabi/lib/thumb/v8-m.main+fp/hard/libc.a
27,12,15,364,0,391,`187,lib_a-locale.o (ex /opt/gcc-arm-none-eabi-10.3-2021.10/bin/../lib/gcc/arm-none-eabi/10.3.1/../../../../arm-none-eabi/lib/thumb/v8-m.main+fp/hard/libc.a),/opt/gcc-arm-none-eabi-10.3-2021.10/bin/../lib/gcc/arm-none-eabi/10.3.1/../../../../arm-none-eabi/lib/thumb/v8-m.main+fp/hard/libc.a
257,0,257,0,0,257,`101,lib_a-ctype_.o (ex /opt/gcc-arm-none-eabi-10.3-2021.10/bin/../lib/gcc/arm-none-eabi/10.3.1/../../../../arm-none-eabi/lib/thumb/v8-m.main+fp/hard/libc.a),/opt/gcc-arm-none-eabi-10.3-2021.10/bin/../lib/gcc/arm-none-eabi/10.3.1/../../../../arm-none-eabi/lib/thumb/v8-m.main+fp/hard/libc.a
4,0,4,1068,0,1072,`430,lib_a-impure.o (ex /opt/gcc-arm-none-eabi-10.3-2021.10/bin/../lib/gcc/arm-none-eabi/10.3.1/../../../../arm-none-eabi/lib/thumb/v8-m.main+fp/hard/libc.a),/opt/gcc-arm-none-eabi-10.3-2021.10/bin/../lib/gcc/arm-none-eabi/10.3.1/../../../../arm-none-eabi/lib/thumb/v8-m.main+fp/hard/libc.a
3977,3900,77,0,0,3977,`f89,lib_a-strtod.o (ex /opt/gcc-arm-none-eabi-10.3-2021.10/bin/../lib/gcc/arm-none-eabi/10.3.1/../../../../arm-none-eabi/lib/thumb/v8-m.main+fp/hard/libc.a),/opt/gcc-arm-none-eabi-10.3-2021.10/bin/../lib/gcc/arm-none-eabi/10.3.1/../../../../arm-none-eabi/lib/thumb/v8-m.main+fp/hard/libc.a
5995,5956,39,0,0,5995,`176b,lib_a-svfscanf.o (ex /opt/gcc-arm-none-eabi-10.3-2021.10/bin/../lib/gcc/arm-none-eabi/10.3.1/../../../../arm-none-eabi/lib/thumb/v8-m.main+fp/hard/libc.a),/opt/gcc-arm-none-eabi-10.3-2021.10/bin/../lib/gcc/arm-none-eabi/10.3.1/../../../../arm-none-eabi/lib/thumb/v8-m.main+fp/hard/libc.a
410,0,410,0,0,410,`19a,lib_a-gdtoa-gethex.o (ex /opt/gcc-arm-none-eabi-10.3-2021.10/bin/../lib/gcc/arm-none-eabi/10.3.1/../../../../arm-none-eabi/lib/thumb/v8-m.main+fp/hard/libc.a),/opt/gcc-arm-none-eabi-10.3-2021.10/bin/../lib/gcc/arm-none-eabi/10.3.1/../../../../arm-none-eabi/lib/thumb/v8-m.main+fp/hard/libc.a
69,68,1,0,0,69,`45,lib_a-mbrtowc.o (ex /opt/gcc-arm-none-eabi-10.3-2021.10/bin/../lib/gcc/arm-none-eabi/10.3.1/../../../../arm-none-eabi/lib/thumb/v8-m.main+fp/hard/libc.a),/opt/gcc-arm-none-eabi-10.3-2021.10/bin/../lib/gcc/arm-none-eabi/10.3.1/../../../../arm-none-eabi/lib/thumb/v8-m.main+fp/hard/libc.a
1355,968,387,0,0,1355,`54b,lib_a-mprec.o (ex /opt/gcc-arm-none-eabi-10.3-2021.10/bin/../lib/gcc/arm-none-eabi/10.3.1/../../../../arm-none-eabi/lib/thumb/v8-m.main+fp/hard/libc.a),/opt/gcc-arm-none-eabi-10.3-2021.10/bin/../lib/gcc/arm-none-eabi/10.3.1/../../../../arm-none-eabi/lib/thumb/v8-m.main+fp/hard/libc.a
2764,972,1792,0,0,2764,`acc,lib_a-strerror.o (ex /opt/gcc-arm-none-eabi-10.3-2021.10/bin/../lib/gcc/arm-none-eabi/10.3.1/../../../../arm-none-eabi/lib/thumb/v8-m.main+fp/hard/libc.a),/opt/gcc-arm-none-eabi-10.3-2021.10/bin/../lib/gcc/arm-none-eabi/10.3.1/../../../../arm-none-eabi/lib/thumb/v8-m.main+fp/hard/libc.a
236,236,0,0,0,236,`ec,lib_a-memcpy.o (ex /opt/gcc-arm-none-eabi-10.3-2021.10/bin/../lib/gcc/arm-none-eabi/10.3.1/../../../../arm-none-eabi/lib/thumb/v8-m.main+fp/hard/libc.a),/opt/gcc-arm-none-eabi-10.3-2021.10/bin/../lib/gcc/arm-none-eabi/10.3.1/../../../../arm-none-eabi/lib/thumb/v8-m.main+fp/hard/libc.a
444,444,0,0,0,444,`1bc,lib_a-strcmp.o (ex /opt/gcc-arm-none-eabi-10.3-2021.10/bin/../lib/gcc/arm-none-eabi/10.3.1/../../../../arm-none-eabi/lib/thumb/v8-m.main+fp/hard/libc.a),/opt/gcc-arm-none-eabi-10.3-2021.10/bin/../lib/gcc/arm-none-eabi/10.3.1/../../../../arm-none-eabi/lib/thumb/v8-m.main+fp/hard/libc.a
420,420,0,0,0,420,`1a4,lib_a-fflush.o (ex /opt/gcc-arm-none-eabi-10.3-2021.10/bin/../lib/gcc/arm-none-eabi/10.3.1/../../../../arm-none-eabi/lib/thumb/v8-m.main+fp/hard/libc.a),/opt/gcc-arm-none-eabi-10.3-2021.10/bin/../lib/gcc/arm-none-eabi/10.3.1/../../../../arm-none-eabi/lib/thumb/v8-m.main+fp/hard/libc.a
36,36,0,0,0,36,`24,lib_a-findfp.o (ex /opt/gcc-arm-none-eabi-10.3-2021.10/bin/../lib/gcc/arm-none-eabi/10.3.1/../../../../arm-none-eabi/lib/thumb/v8-m.main+fp/hard/libc.a),/opt/gcc-arm-none-eabi-10.3-2021.10/bin/../lib/gcc/arm-none-eabi/10.3.1/../../../../arm-none-eabi/lib/thumb/v8-m.main+fp/hard/libc.a
68,68,0,0,0,68,`44,lib_a-fwalk.o (ex /opt/gcc-arm-none-eabi-10.3-2021.10/bin/../lib/gcc/arm-none-eabi/10.3.1/../../../../arm-none-eabi/lib/thumb/v8-m.main+fp/hard/libc.a),/opt/gcc-arm-none-eabi-10.3-2021.10/bin/../lib/gcc/arm-none-eabi/10.3.1/../../../../arm-none-eabi/lib/thumb/v8-m.main+fp/hard/libc.a
132,132,0,0,0,132,`84,lib_a-getenv_r.o (ex /opt/gcc-arm-none-eabi-10.3-2021.10/bin/../lib/gcc/arm-none-eabi/10.3.1/../../../../arm-none-eabi/lib/thumb/v8-m.main+fp/hard/libc.a),/opt/gcc-arm-none-eabi-10.3-2021.10/bin/../lib/gcc/arm-none-eabi/10.3.1/../../../../arm-none-eabi/lib/thumb/v8-m.main+fp/hard/libc.a
16,16,0,0,4,20,`14,lib_a-lock.o (ex /opt/gcc-arm-none-eabi-10.3-2021.10/bin/../lib/gcc/arm-none-eabi/10.3.1/../../../../arm-none-eabi/lib/thumb/v8-m.main+fp/hard/libc.a),/opt/gcc-arm-none-eabi-10.3-2021.10/bin/../lib/gcc/arm-none-eabi/10.3.1/../../../../arm-none-eabi/lib/thumb/v8-m.main+fp/hard/libc.a
4,4,0,0,0,4,`4,lib_a-stdio.o (ex /opt/gcc-arm-none-eabi-10.3-2021.10/bin/../lib/gcc/arm-none-eabi/10.3.1/../../../../arm-none-eabi/lib/thumb/v8-m.main+fp/hard/libc.a),/opt/gcc-arm-none-eabi-10.3-2021.10/bin/../lib/gcc/arm-none-eabi/10.3.1/../../../../arm-none-eabi/lib/thumb/v8-m.main+fp/hard/libc.a
76,76,0,0,0,76,`4c,lib_a-strcasecmp.o (ex /opt/gcc-arm-none-eabi-10.3-2021.10/bin/../lib/gcc/arm-none-eabi/10.3.1/../../../../arm-none-eabi/lib/thumb/v8-m.main+fp/hard/libc.a),/opt/gcc-arm-none-eabi-10.3-2021.10/bin/../lib/gcc/arm-none-eabi/10.3.1/../../../../arm-none-eabi/lib/thumb/v8-m.main+fp/hard/libc.a
88,88,0,0,0,88,`58,lib_a-strncasecmp.o (ex /opt/gcc-arm-none-eabi-10.3-2021.10/bin/../lib/gcc/arm-none-eabi/10.3.1/../../../../arm-none-eabi/lib/thumb/v8-m.main+fp/hard/libc.a),/opt/gcc-arm-none-eabi-10.3-2021.10/bin/../lib/gcc/arm-none-eabi/10.3.1/../../../../arm-none-eabi/lib/thumb/v8-m.main+fp/hard/libc.a
704,704,0,0,0,704,`2c0,lib_a-strstr.o (ex /opt/gcc-arm-none-eabi-10.3-2021.10/bin/../lib/gcc/arm-none-eabi/10.3.1/../../../../arm-none-eabi/lib/thumb/v8-m.main+fp/hard/libc.a),/opt/gcc-arm-none-eabi-10.3-2021.10/bin/../lib/gcc/arm-none-eabi/10.3.1/../../../../arm-none-eabi/lib/thumb/v8-m.main+fp/hard/libc.a
104,104,0,0,0,104,`68,lib_a-strtok_r.o (ex /opt/gcc-arm-none-eabi-10.3-2021.10/bin/../lib/gcc/arm-none-eabi/10.3.1/../../../../arm-none-eabi/lib/thumb/v8-m.main+fp/hard/libc.a),/opt/gcc-arm-none-eabi-10.3-2021.10/bin/../lib/gcc/arm-none-eabi/10.3.1/../../../../arm-none-eabi/lib/thumb/v8-m.main+fp/hard/libc.a
288,288,0,0,0,288,`120,lib_a-strtol.o (ex /opt/gcc-arm-none-eabi-10.3-2021.10/bin/../lib/gcc/arm-none-eabi/10.3.1/../../../../arm-none-eabi/lib/thumb/v8-m.main+fp/hard/libc.a),/opt/gcc-arm-none-eabi-10.3-2021.10/bin/../lib/gcc/arm-none-eabi/10.3.1/../../../../arm-none-eabi/lib/thumb/v8-m.main+fp/hard/libc.a
352,352,0,0,0,352,`160,lib_a-strtoll.o (ex /opt/gcc-arm-none-eabi-10.3-2021.10/bin/../lib/gcc/arm-none-eabi/10.3.1/../../../../arm-none-eabi/lib/thumb/v8-m.main+fp/hard/libc.a),/opt/gcc-arm-none-eabi-10.3-2021.10/bin/../lib/gcc/arm-none-eabi/10.3.1/../../../../arm-none-eabi/lib/thumb/v8-m.main+fp/hard/libc.a
280,280,0,0,0,280,`118,lib_a-strtoul.o (ex /opt/gcc-arm-none-eabi-10.3-2021.10/bin/../lib/gcc/arm-none-eabi/10.3.1/../../../../arm-none-eabi/lib/thumb/v8-m.main+fp/hard/libc.a),/opt/gcc-arm-none-eabi-10.3-2021.10/bin/../lib/gcc/arm-none-eabi/10.3.1/../../../../arm-none-eabi/lib/thumb/v8-m.main+fp/hard/libc.a
24,24,0,0,0,24,`18,lib_a-envlock.o (ex /opt/gcc-arm-none-eabi-10.3-2021.10/bin/../lib/gcc/arm-none-eabi/10.3.1/../../../../arm-none-eabi/lib/thumb/v8-m.main+fp/hard/libc.a),/opt/gcc-arm-none-eabi-10.3-2021.10/bin/../lib/gcc/arm-none-eabi/10.3.1/../../../../arm-none-eabi/lib/thumb/v8-m.main+fp/hard/libc.a
204,204,0,0,0,204,`cc,lib_a-fclose.o (ex /opt/gcc-arm-none-eabi-10.3-2021.10/bin/../lib/gcc/arm-none-eabi/10.3.1/../../../../arm-none-eabi/lib/thumb/v8-m.main+fp/hard/libc.a),/opt/gcc-arm-none-eabi-10.3-2021.10/bin/../lib/gcc/arm-none-eabi/10.3.1/../../../../arm-none-eabi/lib/thumb/v8-m.main+fp/hard/libc.a
24,24,0,0,0,24,`18,lib_a-iswspace_l.o (ex /opt/gcc-arm-none-eabi-10.3-2021.10/bin/../lib/gcc/arm-none-eabi/10.3.1/../../../../arm-none-eabi/lib/thumb/v8-m.main+fp/hard/libc.a),/opt/gcc-arm-none-eabi-10.3-2021.10/bin/../lib/gcc/arm-none-eabi/10.3.1/../../../../arm-none-eabi/lib/thumb/v8-m.main+fp/hard/libc.a
8,8,0,0,0,8,`8,lib_a-localeconv.o (ex /opt/gcc-arm-none-eabi-10.3-2021.10/bin/../lib/gcc/arm-none-eabi/10.3.1/../../../../arm-none-eabi/lib/thumb/v8-m.main+fp/hard/libc.a),/opt/gcc-arm-none-eabi-10.3-2021.10/bin/../lib/gcc/arm-none-eabi/10.3.1/../../../../arm-none-eabi/lib/thumb/v8-m.main+fp/hard/libc.a
44,44,0,0,0,44,`2c,lib_a-mbtowc_r.o (ex /opt/gcc-arm-none-eabi-10.3-2021.10/bin/../lib/gcc/arm-none-eabi/10.3.1/../../../../arm-none-eabi/lib/thumb/v8-m.main+fp/hard/libc.a),/opt/gcc-arm-none-eabi-10.3-2021.10/bin/../lib/gcc/arm-none-eabi/10.3.1/../../../../arm-none-eabi/lib/thumb/v8-m.main+fp/hard/libc.a
380,380,0,0,0,380,`17c,lib_a-strtoull.o (ex /opt/gcc-arm-none-eabi-10.3-2021.10/bin/../lib/gcc/arm-none-eabi/10.3.1/../../../../arm-none-eabi/lib/thumb/v8-m.main+fp/hard/libc.a),/opt/gcc-arm-none-eabi-10.3-2021.10/bin/../lib/gcc/arm-none-eabi/10.3.1/../../../../arm-none-eabi/lib/thumb/v8-m.main+fp/hard/libc.a
372,372,0,0,0,372,`174,lib_a-svfiscanf.o (ex /opt/gcc-arm-none-eabi-10.3-2021.10/bin/../lib/gcc/arm-none-eabi/10.3.1/../../../../arm-none-eabi/lib/thumb/v8-m.main+fp/hard/libc.a),/opt/gcc-arm-none-eabi-10.3-2021.10/bin/../lib/gcc/arm-none-eabi/10.3.1/../../../../arm-none-eabi/lib/thumb/v8-m.main+fp/hard/libc.a
120,120,0,0,0,120,`78,lib_a-ungetc.o (ex /opt/gcc-arm-none-eabi-10.3-2021.10/bin/../lib/gcc/arm-none-eabi/10.3.1/../../../../arm-none-eabi/lib/thumb/v8-m.main+fp/hard/libc.a),/opt/gcc-arm-none-eabi-10.3-2021.10/bin/../lib/gcc/arm-none-eabi/10.3.1/../../../../arm-none-eabi/lib/thumb/v8-m.main+fp/hard/libc.a
28,28,0,0,0,28,`1c,lib_a-wctomb_r.o (ex /opt/gcc-arm-none-eabi-10.3-2021.10/bin/../lib/gcc/arm-none-eabi/10.3.1/../../../../arm-none-eabi/lib/thumb/v8-m.main+fp/hard/libc.a),/opt/gcc-arm-none-eabi-10.3-2021.10/bin/../lib/gcc/arm-none-eabi/10.3.1/../../../../arm-none-eabi/lib/thumb/v8-m.main+fp/hard/libc.a
108,108,0,0,0,108,`6c,lib_a-callocr.o (ex /opt/gcc-arm-none-eabi-10.3-2021.10/bin/../lib/gcc/arm-none-eabi/10.3.1/../../../../arm-none-eabi/lib/thumb/v8-m.main+fp/hard/libc.a),/opt/gcc-arm-none-eabi-10.3-2021.10/bin/../lib/gcc/arm-none-eabi/10.3.1/../../../../arm-none-eabi/lib/thumb/v8-m.main+fp/hard/libc.a
224,224,0,0,0,224,`e0,lib_a-makebuf.o (ex /opt/gcc-arm-none-eabi-10.3-2021.10/bin/../lib/gcc/arm-none-eabi/10.3.1/../../../../arm-none-eabi/lib/thumb/v8-m.main+fp/hard/libc.a),/opt/gcc-arm-none-eabi-10.3-2021.10/bin/../lib/gcc/arm-none-eabi/10.3.1/../../../../arm-none-eabi/lib/thumb/v8-m.main+fp/hard/libc.a
36,36,0,0,0,36,`24,lib_a-isattyr.o (ex /opt/gcc-arm-none-eabi-10.3-2021.10/bin/../lib/gcc/arm-none-eabi/10.3.1/../../../../arm-none-eabi/lib/thumb/v8-m.main+fp/hard/libc.a),/opt/gcc-arm-none-eabi-10.3-2021.10/bin/../lib/gcc/arm-none-eabi/10.3.1/../../../../arm-none-eabi/lib/thumb/v8-m.main+fp/hard/libc.a
836,836,0,0,0,836,`344,lib_a-fseeko.o (ex /opt/gcc-arm-none-eabi-10.3-2021.10/bin/../lib/gcc/arm-none-eabi/10.3.1/../../../../arm-none-eabi/lib/thumb/v8-m.main+fp/hard/libc.a),/opt/gcc-arm-none-eabi-10.3-2021.10/bin/../lib/gcc/arm-none-eabi/10.3.1/../../../../arm-none-eabi/lib/thumb/v8-m.main+fp/hard/libc.a
212,212,0,0,0,212,`d4,lib_a-ftello.o (ex /opt/gcc-arm-none-eabi-10.3-2021.10/bin/../lib/gcc/arm-none-eabi/10.3.1/../../../../arm-none-eabi/lib/thumb/v8-m.main+fp/hard/libc.a),/opt/gcc-arm-none-eabi-10.3-2021.10/bin/../lib/gcc/arm-none-eabi/10.3.1/../../../../arm-none-eabi/lib/thumb/v8-m.main+fp/hard/libc.a
280,280,0,0,0,280,`118,lib_a-refill.o (ex /opt/gcc-arm-none-eabi-10.3-2021.10/bin/../lib/gcc/arm-none-eabi/10.3.1/../../../../arm-none-eabi/lib/thumb/v8-m.main+fp/hard/libc.a),/opt/gcc-arm-none-eabi-10.3-2021.10/bin/../lib/gcc/arm-none-eabi/10.3.1/../../../../arm-none-eabi/lib/thumb/v8-m.main+fp/hard/libc.a
16,16,0,0,0,16,`10,lib_a-sysgettod.o (ex /opt/gcc-arm-none-eabi-10.3-2021.10/bin/../lib/gcc/arm-none-eabi/10.3.1/../../../../arm-none-eabi/lib/thumb/v8-m.main+fp/hard/libc.a),/opt/gcc-arm-none-eabi-10.3-2021.10/bin/../lib/gcc/arm-none-eabi/10.3.1/../../../../arm-none-eabi/lib/thumb/v8-m.main+fp/hard/libc.a
4,4,0,0,0,4,`4,lib_a-u_strerr.o (ex /opt/gcc-arm-none-eabi-10.3-2021.10/bin/../lib/gcc/arm-none-eabi/10.3.1/../../../../arm-none-eabi/lib/thumb/v8-m.main+fp/hard/libc.a),/opt/gcc-arm-none-eabi-10.3-2021.10/bin/../lib/gcc/arm-none-eabi/10.3.1/../../../../arm-none-eabi/lib/thumb/v8-m.main+fp/hard/libc.a
200,200,0,4,0,204,`cc,lib_a-__call_atexit.o (ex /opt/gcc-arm-none-eabi-10.3-2021.10/bin/../lib/gcc/arm-none-eabi/10.3.1/../../../../arm-none-eabi/lib/thumb/v8-m.main+fp/hard/libc.a),/opt/gcc-arm-none-eabi-10.3-2021.10/bin/../lib/gcc/arm-none-eabi/10.3.1/../../../../arm-none-eabi/lib/thumb/v8-m.main+fp/hard/libc.a
44,44,0,0,0,44,`2c,lib_a-gettimeofdayr.o (ex /opt/gcc-arm-none-eabi-10.3-2021.10/bin/../lib/gcc/arm-none-eabi/10.3.1/../../../../arm-none-eabi/lib/thumb/v8-m.main+fp/hard/libc.a),/opt/gcc-arm-none-eabi-10.3-2021.10/bin/../lib/gcc/arm-none-eabi/10.3.1/../../../../arm-none-eabi/lib/thumb/v8-m.main+fp/hard/libc.a
4,4,0,0,0,4,`4,lib_a-signalr.o (ex /opt/gcc-arm-none-eabi-10.3-2021.10/bin/../lib/gcc/arm-none-eabi/10.3.1/../../../../arm-none-eabi/lib/thumb/v8-m.main+fp/hard/libc.a),/opt/gcc-arm-none-eabi-10.3-2021.10/bin/../lib/gcc/arm-none-eabi/10.3.1/../../../../arm-none-eabi/lib/thumb/v8-m.main+fp/hard/libc.a
0,0,0,4,4,8,`8,lib_a-environ.o (ex /opt/gcc-arm-none-eabi-10.3-2021.10/bin/../lib/gcc/arm-none-eabi/10.3.1/../../../../arm-none-eabi/lib/thumb/v8-m.main+fp/hard/libc.a),/opt/gcc-arm-none-eabi-10.3-2021.10/bin/../lib/gcc/arm-none-eabi/10.3.1/../../../../arm-none-eabi/lib/thumb/v8-m.main+fp/hard/libc.a
0,0,0,0,4,4,`4,lib_a-reent.o (ex /opt/gcc-arm-none-eabi-10.3-2021.10/bin/../lib/gcc/arm-none-eabi/10.3.1/../../../../arm-none-eabi/lib/thumb/v8-m.main+fp/hard/libc.a),/opt/gcc-arm-none-eabi-10.3-2021.10/bin/../lib/gcc/arm-none-eabi/10.3.1/../../../../arm-none-eabi/lib/thumb/v8-m.main+fp/hard/libc.a
21288,18292,2996,1442,12,22742,`58d6,/opt/gcc-arm-none-eabi-10.3-2021.10/bin/../lib/gcc/arm-none-eabi/10.3.1/../../../../arm-none-eabi/lib/thumb/v8-m.main+fp/hard/libc.a,/opt/gcc-arm-none-eabi-10.3-2021.10/bin/../lib/gcc/arm-none-eabi/10.3.1/../../../../arm-none-eabi/lib/thumb/v8-m.main+fp/hard/libc.a
1322,62,1260,0,0,1322,`52a,jutils.c.obj (ex armino/webrtc_jpeg/libwebrtc_jpeg.a),armino/webrtc_jpeg/libwebrtc_jpeg.a
2424,2394,30,0,0,2424,`978,jmemmgr.c.obj (ex armino/webrtc_jpeg/libwebrtc_jpeg.a),armino/webrtc_jpeg/libwebrtc_jpeg.a
2332,1404,928,0,0,2332,`91c,jcparam.c.obj (ex armino/webrtc_jpeg/libwebrtc_jpeg.a),armino/webrtc_jpeg/libwebrtc_jpeg.a
456,0,456,0,0,456,`1c8,jaricom.c.obj (ex armino/webrtc_jpeg/libwebrtc_jpeg.a),armino/webrtc_jpeg/libwebrtc_jpeg.a
1576,1384,192,0,0,1576,`628,jcdctmgr.c.obj (ex armino/webrtc_jpeg/libwebrtc_jpeg.a),armino/webrtc_jpeg/libwebrtc_jpeg.a
434,434,0,0,0,434,`1b2,jcapimin.c.obj (ex armino/webrtc_jpeg/libwebrtc_jpeg.a),armino/webrtc_jpeg/libwebrtc_jpeg.a
240,240,0,0,0,240,`f0,jcapistd.c.obj (ex armino/webrtc_jpeg/libwebrtc_jpeg.a),armino/webrtc_jpeg/libwebrtc_jpeg.a
178,178,0,0,0,178,`b2,jcinit.c.obj (ex armino/webrtc_jpeg/libwebrtc_jpeg.a),armino/webrtc_jpeg/libwebrtc_jpeg.a
302,302,0,0,0,302,`12e,jcmainct.c.obj (ex armino/webrtc_jpeg/libwebrtc_jpeg.a),armino/webrtc_jpeg/libwebrtc_jpeg.a
1532,1532,0,0,0,1532,`5fc,jcmarker.c.obj (ex armino/webrtc_jpeg/libwebrtc_jpeg.a),armino/webrtc_jpeg/libwebrtc_jpeg.a
3072,3072,0,0,0,3072,`c00,jcarith.c.obj (ex armino/webrtc_jpeg/libwebrtc_jpeg.a),armino/webrtc_jpeg/libwebrtc_jpeg.a
238,238,0,0,0,238,`ee,jdatadst.c.obj (ex armino/webrtc_jpeg/libwebrtc_jpeg.a),armino/webrtc_jpeg/libwebrtc_jpeg.a
46,46,0,0,0,46,`2e,jmemnobs.c.obj (ex armino/webrtc_jpeg/libwebrtc_jpeg.a),armino/webrtc_jpeg/libwebrtc_jpeg.a
1578,1578,0,0,0,1578,`62a,jcsample.c.obj (ex armino/webrtc_jpeg/libwebrtc_jpeg.a),armino/webrtc_jpeg/libwebrtc_jpeg.a
990,990,0,0,0,990,`3de,jcprepct.c.obj (ex armino/webrtc_jpeg/libwebrtc_jpeg.a),armino/webrtc_jpeg/libwebrtc_jpeg.a
4358,4358,0,0,0,4358,`1106,jchuff.c.obj (ex armino/webrtc_jpeg/libwebrtc_jpeg.a),armino/webrtc_jpeg/libwebrtc_jpeg.a
1390,1390,0,0,0,1390,`56e,jccoefct.c.obj (ex armino/webrtc_jpeg/libwebrtc_jpeg.a),armino/webrtc_jpeg/libwebrtc_jpeg.a
1508,1508,0,0,0,1508,`5e4,jccolor.c.obj (ex armino/webrtc_jpeg/libwebrtc_jpeg.a),armino/webrtc_jpeg/libwebrtc_jpeg.a
3158,3158,0,0,0,3158,`c56,jcmaster.c.obj (ex armino/webrtc_jpeg/libwebrtc_jpeg.a),armino/webrtc_jpeg/libwebrtc_jpeg.a
408,408,0,0,0,408,`198,jfdctfst.c.obj (ex armino/webrtc_jpeg/libwebrtc_jpeg.a),armino/webrtc_jpeg/libwebrtc_jpeg.a
18588,18588,0,0,0,18588,`489c,jfdctint.c.obj (ex armino/webrtc_jpeg/libwebrtc_jpeg.a),armino/webrtc_jpeg/libwebrtc_jpeg.a
524,524,0,0,0,524,`20c,jfdctflt.c.obj (ex armino/webrtc_jpeg/libwebrtc_jpeg.a),armino/webrtc_jpeg/libwebrtc_jpeg.a
46654,43788,2866,0,0,46654,`b63e,armino/webrtc_jpeg/libwebrtc_jpeg.a,armino/webrtc_jpeg/libwebrtc_jpeg.a
1150,1054,96,0,0,1150,`47e,mbox0_hal.c.obj (ex armino/common/libcommon.a),armino/common/libcommon.a
497,460,37,0,0,497,`1f1,dma_hal.c.obj (ex armino/common/libcommon.a),armino/common/libcommon.a
1968,846,1122,0,4,1972,`7b4,gpio_hal.c.obj (ex armino/common/libcommon.a),armino/common/libcommon.a
66,66,0,0,0,66,`42,wdt_hal.c.obj (ex armino/common/libcommon.a),armino/common/libcommon.a
20,20,0,0,0,20,`14,flash_hal.c.obj (ex armino/common/libcommon.a),armino/common/libcommon.a
240,240,0,0,0,240,`f0,aon_rtc_hal.c.obj (ex armino/common/libcommon.a),armino/common/libcommon.a
76,76,0,0,0,76,`4c,lcd_disp_hal.c.obj (ex armino/common/libcommon.a),armino/common/libcommon.a
80,80,0,0,0,80,`50,trng_hal.c.obj (ex armino/common/libcommon.a),armino/common/libcommon.a
312,312,0,0,0,312,`138,jpeg_hal.c.obj (ex armino/common/libcommon.a),armino/common/libcommon.a
470,470,0,0,0,470,`1d6,yuv_buf_hal.c.obj (ex armino/common/libcommon.a),armino/common/libcommon.a
650,650,0,0,0,650,`28a,h264_hal.c.obj (ex armino/common/libcommon.a),armino/common/libcommon.a
162,162,0,0,0,162,`a2,psram_hal.c.obj (ex armino/common/libcommon.a),armino/common/libcommon.a
24,24,0,0,0,24,`18,aud_hal.c.obj (ex armino/common/libcommon.a),armino/common/libcommon.a
160,160,0,0,0,160,`a0,timer_hal.c.obj (ex armino/common/libcommon.a),armino/common/libcommon.a
24,24,0,0,0,24,`18,spi_hal.c.obj (ex armino/common/libcommon.a),armino/common/libcommon.a
16,16,0,0,0,16,`10,qspi_hal.c.obj (ex armino/common/libcommon.a),armino/common/libcommon.a
5915,4660,1255,0,4,5919,`171f,armino/common/libcommon.a,armino/common/libcommon.a
888,888,0,0,0,888,`378,_arm_addsubdf3.o (ex /opt/gcc-arm-none-eabi-10.3-2021.10/bin/../lib/gcc/arm-none-eabi/10.3.1/thumb/v8-m.main+fp/hard/libgcc.a),/opt/gcc-arm-none-eabi-10.3-2021.10/bin/../lib/gcc/arm-none-eabi/10.3.1/thumb/v8-m.main+fp/hard/libgcc.a
1060,1060,0,0,0,1060,`424,_arm_muldivdf3.o (ex /opt/gcc-arm-none-eabi-10.3-2021.10/bin/../lib/gcc/arm-none-eabi/10.3.1/thumb/v8-m.main+fp/hard/libgcc.a),/opt/gcc-arm-none-eabi-10.3-2021.10/bin/../lib/gcc/arm-none-eabi/10.3.1/thumb/v8-m.main+fp/hard/libgcc.a
272,272,0,0,0,272,`110,_arm_cmpdf2.o (ex /opt/gcc-arm-none-eabi-10.3-2021.10/bin/../lib/gcc/arm-none-eabi/10.3.1/thumb/v8-m.main+fp/hard/libgcc.a),/opt/gcc-arm-none-eabi-10.3-2021.10/bin/../lib/gcc/arm-none-eabi/10.3.1/thumb/v8-m.main+fp/hard/libgcc.a
44,44,0,0,0,44,`2c,_arm_unorddf2.o (ex /opt/gcc-arm-none-eabi-10.3-2021.10/bin/../lib/gcc/arm-none-eabi/10.3.1/thumb/v8-m.main+fp/hard/libgcc.a),/opt/gcc-arm-none-eabi-10.3-2021.10/bin/../lib/gcc/arm-none-eabi/10.3.1/thumb/v8-m.main+fp/hard/libgcc.a
80,80,0,0,0,80,`50,_arm_fixdfsi.o (ex /opt/gcc-arm-none-eabi-10.3-2021.10/bin/../lib/gcc/arm-none-eabi/10.3.1/thumb/v8-m.main+fp/hard/libgcc.a),/opt/gcc-arm-none-eabi-10.3-2021.10/bin/../lib/gcc/arm-none-eabi/10.3.1/thumb/v8-m.main+fp/hard/libgcc.a
64,64,0,0,0,64,`40,_arm_fixunsdfsi.o (ex /opt/gcc-arm-none-eabi-10.3-2021.10/bin/../lib/gcc/arm-none-eabi/10.3.1/thumb/v8-m.main+fp/hard/libgcc.a),/opt/gcc-arm-none-eabi-10.3-2021.10/bin/../lib/gcc/arm-none-eabi/10.3.1/thumb/v8-m.main+fp/hard/libgcc.a
160,160,0,0,0,160,`a0,_arm_truncdfsf2.o (ex /opt/gcc-arm-none-eabi-10.3-2021.10/bin/../lib/gcc/arm-none-eabi/10.3.1/thumb/v8-m.main+fp/hard/libgcc.a),/opt/gcc-arm-none-eabi-10.3-2021.10/bin/../lib/gcc/arm-none-eabi/10.3.1/thumb/v8-m.main+fp/hard/libgcc.a
540,540,0,0,0,540,`21c,_arm_addsubsf3.o (ex /opt/gcc-arm-none-eabi-10.3-2021.10/bin/../lib/gcc/arm-none-eabi/10.3.1/thumb/v8-m.main+fp/hard/libgcc.a),/opt/gcc-arm-none-eabi-10.3-2021.10/bin/../lib/gcc/arm-none-eabi/10.3.1/thumb/v8-m.main+fp/hard/libgcc.a
160,160,0,0,0,160,`a0,_aeabi_ldivmod.o (ex /opt/gcc-arm-none-eabi-10.3-2021.10/bin/../lib/gcc/arm-none-eabi/10.3.1/thumb/v8-m.main+fp/hard/libgcc.a),/opt/gcc-arm-none-eabi-10.3-2021.10/bin/../lib/gcc/arm-none-eabi/10.3.1/thumb/v8-m.main+fp/hard/libgcc.a
48,48,0,0,0,48,`30,_aeabi_uldivmod.o (ex /opt/gcc-arm-none-eabi-10.3-2021.10/bin/../lib/gcc/arm-none-eabi/10.3.1/thumb/v8-m.main+fp/hard/libgcc.a),/opt/gcc-arm-none-eabi-10.3-2021.10/bin/../lib/gcc/arm-none-eabi/10.3.1/thumb/v8-m.main+fp/hard/libgcc.a
64,64,0,0,0,64,`40,_fixunssfdi.o (ex /opt/gcc-arm-none-eabi-10.3-2021.10/bin/../lib/gcc/arm-none-eabi/10.3.1/thumb/v8-m.main+fp/hard/libgcc.a),/opt/gcc-arm-none-eabi-10.3-2021.10/bin/../lib/gcc/arm-none-eabi/10.3.1/thumb/v8-m.main+fp/hard/libgcc.a
60,60,0,0,0,60,`3c,_fixunsdfdi.o (ex /opt/gcc-arm-none-eabi-10.3-2021.10/bin/../lib/gcc/arm-none-eabi/10.3.1/thumb/v8-m.main+fp/hard/libgcc.a),/opt/gcc-arm-none-eabi-10.3-2021.10/bin/../lib/gcc/arm-none-eabi/10.3.1/thumb/v8-m.main+fp/hard/libgcc.a
748,748,0,0,0,748,`2ec,_udivmoddi4.o (ex /opt/gcc-arm-none-eabi-10.3-2021.10/bin/../lib/gcc/arm-none-eabi/10.3.1/thumb/v8-m.main+fp/hard/libgcc.a),/opt/gcc-arm-none-eabi-10.3-2021.10/bin/../lib/gcc/arm-none-eabi/10.3.1/thumb/v8-m.main+fp/hard/libgcc.a
4,4,0,0,0,4,`4,_dvmd_tls.o (ex /opt/gcc-arm-none-eabi-10.3-2021.10/bin/../lib/gcc/arm-none-eabi/10.3.1/thumb/v8-m.main+fp/hard/libgcc.a),/opt/gcc-arm-none-eabi-10.3-2021.10/bin/../lib/gcc/arm-none-eabi/10.3.1/thumb/v8-m.main+fp/hard/libgcc.a
48,48,0,0,0,48,`30,_fixdfdi.o (ex /opt/gcc-arm-none-eabi-10.3-2021.10/bin/../lib/gcc/arm-none-eabi/10.3.1/thumb/v8-m.main+fp/hard/libgcc.a),/opt/gcc-arm-none-eabi-10.3-2021.10/bin/../lib/gcc/arm-none-eabi/10.3.1/thumb/v8-m.main+fp/hard/libgcc.a
4240,4240,0,0,0,4240,`1090,/opt/gcc-arm-none-eabi-10.3-2021.10/bin/../lib/gcc/arm-none-eabi/10.3.1/thumb/v8-m.main+fp/hard/libgcc.a,/opt/gcc-arm-none-eabi-10.3-2021.10/bin/../lib/gcc/arm-none-eabi/10.3.1/thumb/v8-m.main+fp/hard/libgcc.a
32,32,0,0,4,36,`24,audio_osi.c.obj (ex /home/yan/work/whole/bk_avdk-v2.0.1.29/projects/thirdparty/test/components/avdk_libs/bk7258_cp1/libs/libaudio_osi.a),/home/yan/work/whole/bk_avdk-v2.0.1.29/projects/thirdparty/test/components/avdk_libs/bk7258_cp1/libs/libaudio_osi.a
32,32,0,0,4,36,`24,/home/yan/work/whole/bk_avdk-v2.0.1.29/projects/thirdparty/test/components/avdk_libs/bk7258_cp1/libs/libaudio_osi.a,/home/yan/work/whole/bk_avdk-v2.0.1.29/projects/thirdparty/test/components/avdk_libs/bk7258_cp1/libs/libaudio_osi.a
212,212,0,32,0,244,`f4,g711.c.obj (ex /home/yan/work/whole/bk_avdk-v2.0.1.29/projects/thirdparty/test/components/avdk_libs/bk7258_cp1/libs/libg711.a),/home/yan/work/whole/bk_avdk-v2.0.1.29/projects/thirdparty/test/components/avdk_libs/bk7258_cp1/libs/libg711.a
212,212,0,32,0,244,`f4,/home/yan/work/whole/bk_avdk-v2.0.1.29/projects/thirdparty/test/components/avdk_libs/bk7258_cp1/libs/libg711.a,/home/yan/work/whole/bk_avdk-v2.0.1.29/projects/thirdparty/test/components/avdk_libs/bk7258_cp1/libs/libg711.a
32,32,0,0,4,36,`24,video_osi.c.obj (ex /home/yan/work/whole/bk_avdk-v2.0.1.29/projects/thirdparty/test/components/avdk_libs/bk7258_cp1/libs/libvideo_osi.a),/home/yan/work/whole/bk_avdk-v2.0.1.29/projects/thirdparty/test/components/avdk_libs/bk7258_cp1/libs/libvideo_osi.a
32,32,0,0,4,36,`24,/home/yan/work/whole/bk_avdk-v2.0.1.29/projects/thirdparty/test/components/avdk_libs/bk7258_cp1/libs/libvideo_osi.a,/home/yan/work/whole/bk_avdk-v2.0.1.29/projects/thirdparty/test/components/avdk_libs/bk7258_cp1/libs/libvideo_osi.a
4,4,0,0,0,4,`4,ate.c.obj (ex armino/bk_ate/libbk_ate.a),armino/bk_ate/libbk_ate.a
4,4,0,0,0,4,`4,armino/bk_ate/libbk_ate.a,armino/bk_ate/libbk_ate.a
16,16,0,0,0,16,`10,gettod.o (ex /opt/gcc-arm-none-eabi-10.3-2021.10/bin/../lib/gcc/arm-none-eabi/10.3.1/../../../../arm-none-eabi/lib/thumb/v8-m.main+fp/hard/libnosys.a),/opt/gcc-arm-none-eabi-10.3-2021.10/bin/../lib/gcc/arm-none-eabi/10.3.1/../../../../arm-none-eabi/lib/thumb/v8-m.main+fp/hard/libnosys.a
16,16,0,0,0,16,`10,/opt/gcc-arm-none-eabi-10.3-2021.10/bin/../lib/gcc/arm-none-eabi/10.3.1/../../../../arm-none-eabi/lib/thumb/v8-m.main+fp/hard/libnosys.a,/opt/gcc-arm-none-eabi-10.3-2021.10/bin/../lib/gcc/arm-none-eabi/10.3.1/../../../../arm-none-eabi/lib/thumb/v8-m.main+fp/hard/libnosys.a
